row_id,rating_num
14785,7.3
15125,5.3
13095,6.3
6079,6.7
16584,7.1
18508,6.7
18731,6.3
13610,7.8
21768,6.2
14463,6.5
4031,7.5
22418,7.3
5288,6.8
11744,6.3
4123,6.4
25449,7.1
19207,7.4
4488,6.6
19810,6.4
21238,7.2
18326,7.5
17178,6.1
21709,6.2
4027,6.7
23561,6.5
9246,7.0
14185,7.0
23650,7.6
29151,6.4
2585,7.0
2286,6.7
3243,6.2
14552,6.8
26746,6.5
12891,6.2
21499,6.9
28160,6.1
14105,6.5
17309,7.1
10918,6.1
24719,6.5
21121,6.7
10532,6.3
26159,4.8
12023,4.4
12018,7.1
21079,6.8
9136,4.5
21235,6.5
23907,6.4
8350,6.8
28069,6.2
5750,7.7
27778,6.5
17016,5.4
9779,5.4
17427,8.0
24122,5.5
13958,6.8
1839,7.0
14444,6.1
16671,6.2
106,6.2
22230,6.8
25307,6.3
2292,6.7
27909,6.4
26929,6.2
26110,6.6
21830,6.2
25693,7.2
16496,6.9
16402,5.1
26636,5.9
18458,5.5
19122,6.9
21646,6.1
28172,5.4
27955,6.7
1367,7.0
12203,5.4
20498,5.8
19714,6.0
18249,6.7
29005,7.1
25340,6.1
6245,8.0
1975,6.7
25669,6.7
17560,5.7
14459,7.5
29048,7.2
26839,6.1
2041,4.5
13597,7.6
25721,6.0
4004,6.3
8160,5.2
8958,5.8
25944,6.0
10426,7.5
26295,6.2
28538,6.1
24875,5.6
11587,7.6
21775,5.4
2299,7.7
7789,6.8
19451,5.0
12791,6.7
18833,6.4
10807,5.7
16688,7.2
28470,6.6
28049,6.8
25209,6.8
4283,5.7
7091,6.9
26829,6.7
17428,5.6
27396,6.4
24624,6.0
28772,6.4
9389,6.5
29088,6.2
5090,6.5
16059,7.5
7680,6.4
19217,6.8
4277,6.5
6140,6.3
6797,6.2
25655,7.1
4257,7.5
11931,7.5
25268,7.5
9695,5.7
27086,6.9
17772,6.9
28045,6.5
20788,6.7
22520,6.6
5351,6.6
20320,6.5
2611,7.2
29198,5.3
14716,5.9
27235,7.0
20929,6.6
27307,6.6
13659,6.2
29197,8.1
28730,5.8
13701,6.8
26933,6.8
5976,7.6
27435,6.2
870,5.3
3183,7.8
10497,6.2
20692,6.2
24687,6.0
11217,7.8
25124,6.6
4475,7.3
22241,7.3
3782,5.8
25034,6.2
205,7.6
18590,7.0
1825,6.8
28862,7.2
3758,6.0
29004,5.8
17773,5.5
15161,6.6
14683,6.7
11875,5.9
24247,8.0
1203,7.0
21696,5.3
16741,6.5
24362,6.3
10656,6.3
23618,6.0
14301,6.6
26200,6.0
23175,5.8
3639,6.6
28233,6.2
27057,6.2
25026,7.2
12961,6.2
13767,7.2
26169,7.2
25838,6.3
26202,6.3
22159,7.1
4777,6.1
14632,6.7
11757,7.0
3116,5.8
6173,7.7
3723,4.9
19493,6.6
4207,7.1
14079,7.0
7613,7.2
27313,6.3
19002,6.9
6266,5.5
7240,6.6
25435,7.0
10288,6.5
11028,7.3
6946,5.3
16405,7.6
16181,5.8
4158,8.5
16780,6.3
25719,6.0
15053,5.4
2644,6.8
23500,5.8
1013,6.6
11715,6.1
13768,5.8
4157,6.8
2333,6.1
28604,6.8
25316,7.0
19298,6.8
25079,7.3
8330,7.6
24317,6.8
13242,7.2
25014,6.0
567,7.6
7520,4.7
8926,8.7
12534,6.3
21045,6.1
18722,6.9
25265,6.2
15854,5.6
28524,6.1
23717,8.2
21889,6.0
28064,6.6
28705,7.3
23416,6.9
18346,7.6
23851,6.7
28780,5.7
12118,6.6
10926,6.6
6070,7.2
2149,7.0
6098,7.4
19125,6.0
23985,6.7
26527,5.9
4770,7.1
19567,6.4
26479,7.3
24107,7.4
9029,6.3
11022,8.7
1472,6.2
7356,6.1
12014,6.6
24849,5.5
5104,6.7
4663,7.7
25629,6.8
16195,8.1
26486,6.7
2222,6.9
12833,6.8
28879,7.0
5254,7.3
4805,7.1
23411,6.2
2733,6.7
2961,7.2
8966,7.6
25068,6.8
7403,6.3
23555,6.9
5096,4.6
10018,6.8
26173,5.7
11214,6.7
27201,7.6
21951,6.8
1616,6.6
24284,6.3
3759,5.9
8434,6.3
7195,7.2
16238,5.9
14701,7.3
6611,6.7
6278,7.2
13108,6.9
10740,7.2
3663,7.6
28452,6.0
23436,6.9
9525,7.2
24535,6.3
12981,7.5
11251,6.3
18494,6.8
24445,6.7
18370,6.0
1717,6.8
8488,6.7
15118,6.1
100,5.9
11912,5.5
11767,6.5
11762,5.7
27379,6.1
10486,6.3
14239,6.0
1530,6.5
8908,5.6
20365,6.8
27727,6.7
4204,6.5
23190,7.2
11998,7.1
9404,6.1
20662,5.9
12142,8.0
16369,7.0
28203,6.6
9409,4.8
16535,7.8
12063,6.5
14847,6.0
21632,6.4
10505,5.5
21592,6.2
12160,6.2
8186,6.7
27660,7.5
22496,6.1
7879,6.2
27354,5.6
16418,7.6
8997,6.4
16740,6.5
5287,7.4
5862,6.0
13559,5.7
16958,6.7
27076,5.0
8266,7.1
25911,6.5
23520,6.3
23898,4.1
13692,5.8
14658,6.6
26922,7.3
8347,7.0
20056,6.7
4741,6.4
17279,5.9
29217,6.9
25945,7.2
8767,6.2
1166,4.8
15960,6.3
14311,7.1
21810,6.9
19997,6.4
15169,6.0
25937,6.5
17725,7.0
13641,6.7
24920,7.0
21684,6.8
11512,5.9
12680,6.0
25491,7.3
26054,7.2
20773,6.0
28332,7.4
12703,6.3
17532,7.0
2232,6.2
26348,6.8
314,6.1
20532,6.2
7344,6.0
27663,5.7
13877,7.3
936,6.6
415,6.9
10491,7.0
2849,7.3
15176,5.8
22153,6.9
25964,6.6
24634,7.1
9761,5.8
12657,7.7
21657,6.6
3368,6.1
6508,7.7
8569,7.3
14306,7.7
2628,7.1
28416,6.6
814,5.9
15886,6.5
24911,6.4
24598,6.7
6618,7.2
19417,6.7
27420,6.5
4020,6.7
15438,8.1
20147,6.7
18869,7.1
14451,7.1
20230,8.4
24443,7.1
9163,7.0
26213,7.2
20409,6.8
22392,7.1
17782,6.7
12043,6.4
13909,5.0
10788,7.6
4955,6.0
4407,5.8
7823,7.5
4234,7.5
5060,6.3
21158,6.9
28782,6.2
21987,7.6
2764,7.8
4756,7.2
9561,6.0
7425,4.5
6221,6.4
17418,6.6
15445,6.4
28024,6.3
12415,5.5
6900,7.7
20066,6.1
7070,6.9
22878,7.7
28990,6.0
18950,6.4
26736,6.8
14564,6.8
25875,6.3
23975,6.6
17167,6.8
9782,6.4
21137,6.9
27115,6.7
14432,6.1
16483,6.4
15096,6.7
21935,5.9
2242,7.1
26559,6.9
16835,7.4
11371,7.7
24750,6.4
13818,6.1
14526,7.0
21613,7.6
14188,7.4
8498,5.5
27476,6.7
23160,6.8
11804,7.8
17417,6.6
21728,6.7
8005,5.6
26567,7.4
21094,6.2
4836,5.9
7192,7.3
11706,7.1
6319,6.9
16843,7.4
7930,7.2
20318,7.2
7113,6.6
10112,7.0
15354,7.9
16435,7.7
28347,5.8
25639,6.5
5954,6.2
12807,6.6
28515,5.9
673,7.0
28697,6.3
22608,6.8
12913,6.6
27099,6.6
5196,5.8
21105,7.3
17963,7.8
16691,6.2
17728,6.7
17467,7.5
4746,6.8
28848,6.6
20639,6.2
26082,5.3
21209,7.4
365,6.4
13881,6.9
6754,6.6
12065,5.9
10235,6.1
25969,6.3
271,7.2
26253,6.0
11721,5.7
18643,7.3
17341,6.8
20653,7.5
13935,6.5
13269,6.4
15893,7.2
12935,7.2
4601,7.0
8661,6.0
20048,5.8
5101,7.5
13504,5.9
28145,5.8
23997,5.9
9599,7.4
10517,6.7
17730,6.6
1918,6.4
22062,8.8
21153,6.3
24505,6.8
16033,6.5
21432,7.0
9279,8.0
25012,6.5
7926,7.7
6330,5.1
23902,7.1
7286,6.1
12606,6.7
8476,6.2
12895,6.7
3984,6.3
22473,7.0
5003,7.5
25624,6.3
3010,6.3
13970,6.7
23163,7.0
15827,6.5
20839,6.8
11748,6.0
11582,6.2
3061,6.8
16909,5.8
11007,5.8
28283,6.6
24046,6.4
27602,6.1
13691,5.7
4110,5.5
22861,6.8
22565,7.0
10976,7.3
579,7.2
2174,7.4
24172,6.5
13567,7.0
9384,5.4
28448,7.5
5227,6.2
23141,6.7
16301,6.8
9179,5.8
21573,6.0
1466,7.1
2700,7.4
20826,7.3
15360,5.5
7692,6.8
11528,5.7
8456,8.6
31,6.8
24266,6.9
28244,5.6
1064,7.7
18746,6.1
18143,6.0
23569,6.8
26365,6.9
26945,6.3
7509,7.3
17835,6.6
10458,7.3
13586,6.5
24175,6.8
4502,6.4
23691,7.6
14366,6.6
23219,6.2
29161,5.2
4559,6.4
16501,7.3
16267,4.8
26379,6.4
6160,6.0
15917,6.3
11074,6.4
15269,7.2
8328,6.1
19180,6.7
13645,6.8
14187,7.1
26049,6.0
16243,6.6
18781,8.4
18062,5.7
8920,5.4
4394,6.3
3623,6.3
27217,6.8
7245,6.5
17653,7.4
19505,7.4
28267,5.0
5486,7.3
28302,6.8
17755,6.8
392,7.2
5577,6.8
24160,7.8
4655,7.6
14357,5.6
13466,5.6
19673,6.9
24000,7.6
7521,4.5
27143,6.5
3982,6.8
8459,8.2
26842,6.2
20012,7.0
23940,7.7
8215,7.1
29109,6.1
25557,6.1
12880,6.0
1104,7.0
11655,7.5
21678,6.6
2478,5.5
12158,6.6
20353,6.8
2040,4.4
23686,7.1
12438,7.2
11754,7.6
2171,6.0
26336,6.2
26282,7.4
27859,7.7
5690,6.5
21967,6.2
2320,6.4
13608,6.4
22264,6.3
17008,6.9
28353,6.7
10265,8.1
14438,7.3
26674,7.0
21479,6.6
22347,6.3
27212,7.4
16317,7.2
563,7.3
27595,6.9
8956,7.1
7343,6.0
3013,5.9
1590,6.6
28197,5.5
11950,5.9
3645,7.3
21195,5.5
5733,7.0
21954,7.6
6542,6.6
3938,7.8
26601,6.5
14113,6.4
8466,7.2
20246,6.2
28205,5.0
28465,6.5
29199,6.6
13837,6.9
28905,6.7
1383,7.0
2546,6.8
26984,6.7
1569,6.6
17771,6.0
13494,5.2
26005,6.4
26734,6.3
19005,6.4
20585,6.2
24162,6.6
23549,6.7
7065,5.6
26118,6.2
8258,7.1
13600,7.2
14737,6.5
14516,6.0
28534,7.0
7994,7.4
6999,6.8
26797,6.9
23911,5.8
16450,6.9
4728,6.7
7497,6.6
7375,6.8
4080,7.2
11996,5.6
11068,6.2
28912,6.8
7145,5.3
6363,7.0
5427,7.4
1375,5.7
7152,6.4
24856,6.7
17430,7.4
629,6.6
6327,8.0
5972,7.2
27577,6.7
26584,6.4
3000,6.8
28019,7.6
14169,7.6
13255,7.6
8159,5.1
22216,6.6
25830,5.7
7441,6.9
2673,6.4
11842,5.3
6661,6.5
12035,6.2
26093,6.2
15650,6.4
26546,6.7
5236,4.2
17540,6.4
15210,7.3
2533,5.8
16523,7.2
22225,6.2
6335,7.3
19545,6.4
19773,7.3
23552,6.9
16031,6.1
5746,5.8
21936,7.0
14372,6.3
14312,6.0
5128,6.1
16900,7.1
17066,6.0
19022,7.1
6255,7.5
14805,6.7
19764,6.0
1257,6.8
27405,7.6
24821,8.2
20886,6.4
1815,4.0
6086,6.2
12375,6.2
4172,6.3
14517,6.1
15761,6.2
2615,5.1
1507,6.4
12361,7.3
28021,6.7
18824,7.4
27402,6.4
12422,6.8
27734,7.3
10398,7.0
118,5.8
2458,6.0
5532,6.1
11840,7.5
26062,5.8
6229,6.4
17589,6.3
27372,5.7
1777,5.7
18337,6.7
20288,7.0
18194,5.8
19008,6.0
12082,7.0
21486,6.1
13467,5.4
26150,6.4
2395,6.0
27502,6.9
29012,5.5
16348,7.1
148,6.8
27791,5.9
26712,6.5
9219,7.7
13181,6.9
2071,6.1
5449,6.4
15756,6.4
15485,6.7
10670,7.4
26914,5.7
8783,6.6
11019,7.9
26495,6.4
16167,6.3
19253,7.7
12564,6.2
16485,6.1
19947,6.4
12409,6.8
16513,6.3
1943,7.5
24021,6.3
28756,6.7
5470,6.6
10882,7.0
2035,6.7
382,6.6
1109,5.4
21228,6.3
20419,6.7
20060,7.6
3638,6.2
11678,6.9
18907,6.1
7957,5.6
4745,7.7
2674,6.6
14129,8.0
5663,6.5
22066,6.8
26075,7.1
17962,5.9
683,7.0
10564,7.7
8888,6.4
24128,7.8
26979,5.5
14258,6.7
1904,7.3
24260,7.4
12852,7.3
12484,7.6
20738,6.0
23271,6.2
26820,6.4
10609,6.3
17180,7.8
13928,6.6
13621,6.7
21703,7.3
3349,6.5
22988,6.8
24574,5.9
21873,5.7
21650,6.8
11339,6.4
24759,6.1
20161,6.3
21802,6.3
13753,6.6
25458,5.6
907,7.5
3815,5.6
19886,6.7
5214,5.9
24770,5.5
19705,7.5
19244,7.8
15636,7.4
25984,7.1
18250,7.7
24137,7.0
28325,6.5
6654,7.0
19463,6.5
13180,6.7
23306,6.3
3360,7.1
13959,6.8
12910,6.7
20709,7.4
15076,7.1
21888,7.1
13250,6.6
4497,5.7
1401,5.8
17226,5.9
5595,6.6
6329,6.5
6887,7.1
10943,7.0
7603,6.5
20805,6.8
702,5.9
2054,6.8
28011,5.9
23633,7.1
19525,6.1
24485,5.6
23536,6.4
2195,5.9
5444,8.6
4786,6.5
7614,5.8
12418,7.1
6565,6.5
22486,6.9
17280,7.7
1817,5.8
28822,6.2
26749,6.6
9894,8.2
26519,6.5
29127,5.9
2124,7.3
21626,6.4
24835,7.2
10028,6.6
14506,6.9
14272,5.4
18110,6.0
20789,6.6
16565,5.6
4331,6.5
6026,6.7
23374,7.0
16542,6.8
7870,6.3
9815,4.8
13093,7.7
10736,3.7
17784,7.6
23551,6.5
17840,7.3
16116,7.4
28693,6.2
9615,5.9
25799,6.4
28762,7.1
2021,6.1
21743,6.8
21150,6.5
24795,6.5
9422,7.8
13515,6.8
15962,7.1
28226,6.1
21504,7.1
21174,6.7
29057,6.3
12511,7.1
864,6.5
28097,7.6
2661,6.1
14238,6.7
24979,6.7
27176,7.1
24898,7.3
22741,6.4
26963,5.2
925,7.2
27051,6.0
4637,6.2
9240,6.5
17747,7.7
10659,7.9
9311,6.0
13061,6.1
20392,6.7
21831,7.1
13802,6.2
5521,6.4
26815,6.6
15315,6.1
23113,5.0
11495,6.8
27668,6.9
716,4.8
11905,5.9
27951,7.0
27392,7.1
24277,6.2
13832,7.1
16891,6.8
18384,4.0
18350,7.2
15964,6.7
15187,6.0
17645,5.6
16840,6.0
24678,6.3
5902,6.9
17438,6.7
1678,8.1
25297,7.6
22911,6.3
8787,6.2
25386,6.6
19599,6.2
19654,7.4
9574,6.4
14540,7.0
15461,5.7
11743,6.4
24396,5.7
16065,6.1
13889,7.4
816,6.9
28602,6.0
1571,7.1
15703,6.0
20177,6.7
9437,6.7
20628,7.0
15449,5.9
20492,7.4
1718,5.8
19055,7.3
19995,6.0
4563,7.6
11604,6.4
16415,6.5
20529,7.1
23112,5.1
27485,4.7
15887,7.9
25872,6.0
27516,6.8
15766,5.6
21450,6.1
14325,7.0
14327,7.8
27286,6.5
13039,6.3
5345,6.5
8268,4.9
27631,5.7
14769,6.2
15744,6.3
22109,5.9
12454,6.9
16069,7.2
24120,5.8
7983,6.7
930,6.6
22726,5.8
18835,7.1
18956,6.4
3104,4.9
23303,6.6
18665,7.2
8190,5.8
2648,6.1
17592,7.3
23365,6.4
26948,5.8
11876,6.5
21162,7.3
427,8.0
16699,7.0
15770,7.8
23613,7.5
24570,6.4
23660,5.9
12017,5.4
4481,6.7
21273,8.1
15809,7.9
26156,7.9
4569,6.0
19566,6.6
6723,6.7
18442,7.0
1181,8.2
3699,8.0
25160,6.3
23293,6.1
16862,6.6
28141,6.1
28544,5.8
6603,6.8
1949,6.1
20469,7.8
1453,5.6
15681,5.9
12243,6.3
27083,6.3
6982,7.0
1258,5.8
6473,6.2
14047,6.1
25507,6.9
27245,5.7
15028,5.3
4402,5.8
10254,6.5
856,6.8
20869,5.9
3835,6.5
14832,6.9
14416,6.5
28173,5.4
2408,5.8
24727,6.4
23490,6.5
4980,7.5
28377,5.9
15327,7.0
13651,6.9
15872,7.0
6388,6.2
19424,6.4
8737,7.4
7718,6.4
27121,6.2
12226,5.5
8073,7.4
22840,6.4
17272,6.4
20851,6.5
18501,7.8
6863,3.3
18157,7.1
15548,6.0
17106,7.2
7243,6.8
5020,7.3
17959,7.3
10812,6.1
1788,5.5
19865,6.8
16279,6.7
3124,6.9
2888,7.5
26648,6.8
2454,7.7
26938,5.7
26974,6.1
5634,6.5
14897,7.2
18144,6.0
23282,6.7
20999,7.0
27757,5.6
4822,5.6
26044,7.0
24844,6.0
2588,7.2
7201,7.0
4950,6.6
12159,6.1
23216,6.7
26827,7.4
17021,6.7
4083,5.7
16825,6.9
7308,6.2
22602,6.8
22659,7.2
4526,7.3
15178,6.3
16750,6.9
17307,6.7
1006,7.3
10479,6.0
27958,6.6
18213,7.5
11386,6.8
27249,5.9
6404,6.8
25578,7.9
27314,6.9
18449,6.1
1180,6.9
10302,5.1
26804,5.8
8540,6.7
26542,6.9
20397,7.0
18468,6.3
13712,6.6
28206,6.8
13943,6.7
18276,7.3
25883,6.0
6227,6.2
21918,5.9
15017,8.0
18407,6.6
19386,6.4
28031,6.6
24950,7.6
12168,7.2
19857,7.2
18324,5.8
12031,7.2
24177,7.5
12179,5.4
17664,6.1
5215,6.0
20537,6.5
12198,7.4
5456,7.8
16820,6.4
15123,6.0
24410,5.6
21200,6.2
18309,7.1
29128,5.8
24739,6.1
6522,6.8
25153,6.0
24139,5.3
11602,7.0
25630,6.0
28957,7.0
23377,5.8
18057,6.2
10982,6.8
4265,6.8
11409,5.6
8189,8.0
13885,7.2
15530,7.7
22150,5.6
17114,5.8
24589,6.5
8394,7.7
14746,5.6
21765,6.3
25093,6.0
1727,7.1
12862,7.6
15923,7.9
15965,6.3
8970,6.5
26978,5.4
7435,7.3
3507,5.9
20262,7.6
19846,7.3
23696,6.1
10241,7.4
6224,6.8
4404,7.0
14903,6.3
11085,6.7
11533,6.4
24455,6.3
11563,6.6
22402,7.5
8659,7.1
7623,6.6
22475,7.3
917,8.5
16786,6.1
29100,5.7
28920,6.8
22873,7.0
27163,6.6
28704,6.8
2391,7.4
6578,6.7
9734,7.5
22305,7.1
6871,6.5
14731,6.3
13205,6.5
26437,7.0
9139,7.7
6045,7.2
6412,7.2
25692,6.7
20588,5.4
28580,6.9
12117,6.4
5211,6.1
28529,6.5
17876,5.4
21115,5.9
3527,6.7
3443,7.0
28930,6.4
17093,6.0
26508,7.2
18130,6.3
15657,5.8
23768,6.4
959,7.4
18569,6.8
20125,4.8
2492,6.4
24364,5.9
7336,6.0
5780,7.4
10915,6.5
18782,8.3
21799,7.1
15347,7.5
19111,5.9
28370,6.1
12890,6.4
19644,5.6
16064,6.5
6356,5.7
21034,7.3
20085,7.0
13528,6.5
12286,5.9
8413,6.7
24305,5.7
17261,7.2
19611,7.7
10529,6.5
7523,6.0
23755,6.3
15323,7.1
7896,5.0
20584,6.7
23742,6.8
24809,6.6
15322,7.1
10498,7.1
22716,7.5
794,6.8
5986,6.2
25190,6.7
27861,6.4
8901,6.7
17882,6.3
25599,6.2
9843,7.6
14389,6.4
9700,6.3
14549,6.4
21128,7.2
28342,5.0
22706,5.8
5473,8.0
23388,7.4
29201,7.0
21416,6.8
23208,4.2
9451,6.0
15653,6.7
22495,7.0
26002,7.0
4701,7.2
8277,5.9
12357,5.6
12463,7.3
24187,5.7
26782,6.0
5069,6.2
4824,6.3
5308,6.6
2987,6.7
24707,7.2
27766,6.4
19168,5.9
1887,7.4
24815,7.0
13291,8.2
18777,6.8
27933,5.8
381,7.5
20536,6.1
18139,5.9
17350,7.3
23495,7.4
8359,7.6
22632,6.8
20480,6.6
24544,6.1
26650,7.0
14075,6.6
28120,7.6
16778,8.1
14409,5.5
26555,6.0
15651,6.7
25271,7.7
2161,7.2
12697,6.5
23045,6.3
17666,5.7
14354,6.8
15910,6.2
18418,7.5
17102,7.3
25573,7.3
698,6.1
6751,7.7
28536,6.2
21960,5.7
2428,6.3
21424,6.2
10655,6.1
17783,6.1
20403,6.5
10575,7.2
23546,6.8
2537,7.9
21184,6.4
26745,6.2
13398,7.5
862,6.2
13819,7.1
22517,6.1
9386,6.7
28089,6.9
27490,7.0
22119,6.9
14876,6.8
12072,6.0
23378,6.3
46,7.1
24590,6.5
20681,6.9
25055,6.7
7055,6.5
10350,6.0
18322,7.3
24796,6.3
21772,6.3
4758,7.4
13183,7.7
20833,6.7
1647,7.0
17281,7.4
6577,6.7
2450,5.4
24231,7.2
8253,7.3
22848,4.9
25232,7.1
19972,7.9
21492,5.9
24448,7.0
22108,6.4
11679,6.6
6185,8.0
15075,7.0
17288,7.1
10572,4.3
6959,6.2
12914,7.0
4547,6.8
20627,6.2
28736,5.6
20570,8.0
7876,7.8
13409,6.6
14646,6.5
7417,6.8
25755,6.3
28066,6.6
27192,7.1
10047,6.7
28568,5.9
23464,5.8
26800,6.8
4558,6.3
13007,6.2
13862,6.6
4444,6.7
8640,5.8
19796,5.7
25378,5.0
28723,4.9
12253,6.2
21429,7.7
322,6.9
13591,6.1
6917,8.0
428,7.5
17403,6.9
22625,6.8
12533,6.4
28117,6.6
4401,5.8
5485,6.6
24581,6.2
1629,6.0
4391,7.3
17536,6.9
2433,6.9
20903,6.7
27561,7.8
15666,5.5
7832,7.7
14041,7.6
27804,6.6
27620,6.8
4320,6.5
20389,6.1
23697,6.3
4890,7.0
1653,6.5
17829,6.2
28304,5.9
18142,6.0
26858,6.3
2675,5.5
23657,6.7
79,6.6
11663,6.2
1438,6.4
3218,6.8
8934,7.7
25595,7.7
13129,6.0
27963,7.2
8335,6.7
25370,6.5
7473,6.9
26129,5.2
1584,6.2
12553,6.5
27765,6.7
22948,8.1
21462,7.4
16705,7.0
17714,6.3
12563,6.5
25343,7.0
29085,6.1
22698,6.4
9316,4.9
1480,6.4
11448,5.8
3199,6.4
20078,6.9
12651,6.7
5507,8.6
8647,7.1
1846,5.8
28682,6.0
11523,6.2
26465,6.7
17476,5.8
330,6.3
19197,5.8
6457,5.8
27273,6.4
18460,7.1
20122,6.1
9790,6.2
20932,6.8
10027,7.6
4210,7.7
10895,6.2
20968,7.6
27605,6.2
16569,6.5
10759,7.0
10971,7.0
798,7.2
1186,6.9
20124,4.9
3665,5.3
25347,6.3
26266,6.8
19036,6.1
4041,4.1
4995,6.3
3625,5.2
5719,5.7
28836,6.9
19229,6.2
7369,5.4
11870,6.8
5618,7.8
5897,6.4
14220,6.6
9663,7.2
25201,7.3
9533,7.4
26280,6.8
3943,6.9
17289,6.5
17372,7.4
14046,8.3
15814,5.1
19219,5.9
11355,6.7
11553,6.7
264,6.7
19786,7.1
11550,6.9
17335,6.0
8756,6.7
8234,3.8
934,7.6
1101,6.5
21010,7.2
4992,6.2
17293,5.4
16250,6.8
26382,6.9
26789,6.5
7593,5.5
19060,7.2
25282,6.6
15891,6.1
8836,6.2
13690,7.1
25484,4.9
20579,7.0
9017,6.8
18791,6.0
7380,7.8
16518,6.5
8267,6.0
9638,7.0
24005,7.5
7754,7.6
23909,7.1
25123,6.6
20950,6.6
18647,7.6
18233,6.5
20212,7.6
26492,5.4
4183,5.6
6758,7.0
15605,6.5
3593,6.8
2154,6.7
5098,6.5
23317,6.8
5589,6.8
25237,6.7
4590,5.9
22358,7.0
26962,7.1
18163,6.7
9704,6.7
17717,6.8
25898,7.8
11345,5.9
25551,7.0
4685,6.4
13024,6.1
9452,5.4
14625,7.2
1535,6.7
28774,6.4
10035,6.4
15950,7.0
5010,6.1
2952,6.6
6547,6.8
17368,6.4
7427,7.9
2072,6.3
404,6.5
6615,6.7
4243,6.8
22939,6.5
12696,6.8
24660,6.7
6637,6.9
1778,5.8
23143,6.0
13686,7.6
18176,6.6
15490,6.1
2526,7.6
11086,5.7
22028,6.4
5016,5.5
26230,6.3
17826,7.4
22804,7.4
18413,7.5
14598,6.5
18308,6.4
18134,6.5
28628,6.3
9650,6.0
26781,7.0
22749,4.2
9113,7.0
24335,6.8
15029,6.5
3483,7.6
5458,7.7
2693,5.3
14551,6.6
16194,5.8
5344,6.1
12956,6.6
26999,5.6
20460,6.1
20793,7.4
18467,7.1
29190,6.3
1207,7.6
2778,8.1
10889,6.6
15719,7.4
25904,5.7
15549,6.6
16234,6.5
7698,5.6
1287,7.2
17328,6.6
3792,6.7
5021,6.0
10782,5.4
6124,6.7
23900,7.2
2297,7.1
8136,6.4
12604,5.8
7498,6.0
23093,7.0
11890,6.0
93,5.8
28715,6.8
20421,7.4
6459,7.9
2358,6.2
4052,7.1
25028,6.5
27995,6.2
1414,6.6
13704,6.6
15344,6.1
19994,5.0
19617,6.4
13303,6.9
7586,6.6
24383,7.6
17194,7.0
4476,7.6
1497,7.7
19116,7.6
21484,6.5
24337,6.3
11552,6.5
25422,6.6
20963,6.2
15304,7.3
8431,5.7
26008,7.5
23709,5.4
8963,7.2
9994,6.8
21336,6.7
20611,5.4
11109,6.1
3618,6.8
24336,5.7
1684,8.2
14298,7.2
828,6.1
29086,6.0
19502,6.8
7472,5.3
18852,6.8
7027,4.0
18557,6.2
10924,7.3
27421,6.5
27614,6.8
27190,6.9
28181,5.9
14494,6.3
16237,7.1
3472,7.2
12086,7.2
17642,6.3
19676,5.8
4935,7.6
26785,7.3
10885,7.9
604,6.9
26573,5.8
1467,7.0
1703,4.7
20976,6.5
27707,5.2
19711,7.3
23091,7.1
8916,6.6
7395,3.9
19990,6.4
22637,7.1
17894,6.3
16504,6.5
20828,7.4
14824,5.6
28694,6.7
18060,7.2
18761,6.3
8045,5.8
26810,7.0
22176,6.6
9186,6.6
10250,6.3
18385,4.3
12836,6.8
26672,6.2
4736,6.8
3540,5.3
5349,7.1
23588,5.4
25276,6.4
1036,6.9
12334,5.5
22548,7.5
25069,6.8
15830,6.0
25476,6.3
18715,6.3
20297,6.3
24818,6.0
15749,8.4
28282,6.3
4719,7.4
21091,7.1
23656,6.4
28975,6.4
23528,6.1
28427,6.5
20576,6.8
26801,6.9
13101,6.0
22583,6.6
14732,6.5
13956,7.0
3148,3.7
27220,6.6
642,6.7
4082,7.1
2110,7.4
28511,6.1
5388,6.0
18812,6.2
4922,5.2
5175,6.8
21191,6.4
17584,7.3
20053,7.3
5651,6.9
7653,6.7
18694,7.3
22146,6.5
9385,7.1
17937,6.7
14844,6.7
22579,7.0
16670,7.2
17752,8.3
4212,4.4
12053,7.5
26143,6.7
14031,5.2
27527,6.3
229,7.0
22193,6.8
25121,6.9
29105,7.7
3040,6.6
3534,7.6
8938,7.0
26604,6.7
7020,6.4
5649,7.3
741,6.2
12385,6.1
16337,6.2
1726,6.9
1750,7.2
27199,7.1
16810,5.3
25326,7.1
5395,7.3
10571,6.7
590,6.4
26643,6.0
11453,8.0
16609,8.0
18377,7.2
624,7.0
21937,7.0
6139,5.1
6735,6.4
14403,6.5
19648,6.6
21226,7.0
2747,5.6
6606,6.8
2140,6.7
8692,4.5
4318,7.1
27338,6.2
19754,6.4
22823,6.3
7391,7.0
18493,8.8
2522,5.8
13811,5.7
14651,6.8
7440,7.7
11819,5.9
9460,6.1
23646,7.4
14983,6.6
23945,7.5
7612,6.1
27446,5.7
6874,7.1
7814,6.6
11043,5.9
12907,6.8
29129,5.9
25706,6.3
1386,7.3
28732,6.4
18880,5.8
7455,6.8
9448,6.7
20018,6.1
13619,6.9
21434,6.4
3764,5.4
20525,7.8
2698,7.2
26719,5.2
21365,6.8
25709,6.0
29225,8.0
26634,6.6
27196,6.3
5784,7.9
28161,6.2
21705,6.5
8833,7.1
2483,6.6
12646,7.2
17478,5.9
16809,6.0
4855,6.7
17469,6.0
25810,6.2
19251,5.9
6613,6.4
16424,6.2
11378,7.2
26924,6.9
24650,6.5
23138,5.8
2078,7.0
27745,6.6
24496,5.9
26346,6.1
2410,6.7
21134,6.1
15828,7.0
25489,5.9
1372,6.6
18254,4.2
855,7.0
26175,6.6
10169,6.4
16608,7.8
22259,5.7
25453,5.0
15407,6.3
21551,6.2
26042,6.2
7178,6.6
1648,6.7
19825,6.8
14514,6.1
25446,6.7
7918,8.0
13251,7.5
27272,6.2
25440,6.3
18406,7.1
22331,6.7
27767,6.3
8721,6.0
10928,7.0
23606,7.3
4548,7.4
14800,5.7
4916,8.8
749,6.1
12679,7.0
24441,6.0
19915,8.0
12262,6.6
882,5.9
6034,6.6
24776,7.7
8725,6.6
8168,6.5
1252,7.1
19447,5.1
14172,6.4
19196,6.4
18675,7.9
1029,7.5
27133,6.8
27983,6.0
23710,5.7
17283,7.1
28855,6.4
12254,5.4
27718,8.1
26993,6.4
2289,6.6
26756,6.9
1864,6.1
9791,6.4
4538,5.9
24931,7.2
23934,6.3
27475,6.7
27720,5.6
25128,6.6
18752,6.6
13960,6.7
2555,7.2
15,7.0
7461,7.2
27206,6.4
24836,7.6
8447,7.2
8437,6.5
8978,7.6
9357,6.8
2415,6.5
5623,7.7
2738,7.3
25313,6.3
27880,6.6
3255,6.8
10342,7.1
8983,6.7
21926,7.0
18923,5.9
14080,5.8
24011,6.7
9651,7.1
7573,6.0
5983,7.2
24449,7.4
6799,7.7
19710,6.7
446,7.3
25596,7.4
15184,6.1
923,6.4
26043,8.3
10608,5.6
19312,7.5
19761,6.8
24071,6.5
21446,5.3
7548,6.6
19932,7.4
7635,6.5
23658,6.6
12561,6.2
6879,8.2
4579,8.1
7167,7.1
15408,6.4
11992,5.2
24810,6.1
27017,7.2
8036,6.3
18749,6.7
16927,7.0
20394,7.1
29083,6.9
6104,6.8
27511,5.9
14750,8.3
1277,7.7
2921,5.8
12771,5.5
9117,6.0
13091,6.9
10046,5.7
19227,5.6
11816,7.0
5887,7.7
8775,7.1
19444,7.7
19308,6.9
18185,7.3
15276,7.0
4861,6.4
13625,5.2
4981,6.0
28660,5.8
12687,6.2
3323,5.8
9347,7.0
7545,6.4
21376,6.7
26891,7.4
5376,7.2
750,6.5
28467,6.0
22139,6.2
26702,5.6
2498,6.4
26469,6.3
23261,6.7
9446,8.1
20906,6.2
9343,7.9
11850,5.6
5558,7.8
28550,6.9
27869,6.0
5077,5.9
5640,6.9
3504,7.1
12215,7.1
13298,6.1
1650,7.3
28196,6.6
3340,5.2
28086,6.4
8832,6.1
7287,5.9
11346,6.2
13493,7.9
24321,5.4
21669,7.2
22417,6.1
12954,6.5
27601,5.6
20809,6.0
534,8.3
24910,6.4
24888,5.9
144,6.8
26727,5.5
12029,6.7
15954,7.5
5638,6.3
22996,7.2
22080,7.0
292,6.7
18886,7.4
28520,6.7
275,5.8
4276,6.5
12416,6.3
7932,8.1
11320,6.2
2788,6.1
21907,6.9
15710,5.0
15508,6.3
17249,6.3
2724,7.3
21931,6.2
1495,7.1
28522,6.0
6720,6.0
405,5.6
18510,6.4
7968,5.6
21955,8.3
7887,5.1
24334,6.7
7602,6.4
12672,6.3
26640,7.4
18925,6.2
9016,6.1
17183,6.2
13152,6.5
835,7.1
19661,6.3
12860,6.3
3301,5.5
15011,6.1
4747,7.2
13576,6.4
25918,7.0
12965,5.9
16819,6.0
17332,7.8
27465,7.0
19967,6.9
9220,6.7
21944,5.6
20461,7.0
10755,6.4
5823,6.9
18338,7.1
15563,6.9
23609,7.0
7021,7.7
26140,8.0
1171,5.9
17702,6.2
25518,6.4
28187,7.0
9109,5.9
13653,6.6
16629,7.0
22031,6.3
16591,6.2
24145,6.8
11412,6.1
6612,6.7
28321,7.0
8882,5.6
6526,7.2
12406,6.0
21159,8.1
887,7.0
14828,7.7
13353,6.6
24579,5.9
17924,6.4
17387,6.5
8380,7.1
14471,7.2
2574,6.5
4477,7.7
18287,7.9
447,7.8
13030,6.9
18832,7.1
19050,5.5
4213,5.5
24612,7.2
8302,6.0
23809,6.5
17997,7.3
13018,6.5
12676,6.7
27085,7.0
25414,6.8
7134,5.4
21426,6.4
7874,7.6
27879,6.5
27394,5.9
13077,6.6
10485,7.0
13841,6.4
20772,6.2
164,6.9
12273,7.6
9475,6.1
15600,7.1
24049,8.1
5670,5.7
19834,6.3
25471,6.2
1265,6.6
2686,7.4
19637,6.7
18542,6.8
6007,6.7
16492,7.0
5410,5.9
8844,6.0
17159,4.9
6039,6.4
18318,7.8
25258,7.1
3817,6.3
10351,6.4
21348,6.2
10268,6.5
25713,6.6
2329,7.7
15035,6.7
19046,7.2
7124,6.3
18822,7.1
26795,6.9
27755,6.8
1206,7.0
2034,7.6
22539,6.8
18526,6.3
22884,6.0
10509,7.7
15619,7.6
18514,8.1
8865,6.0
22405,6.9
1819,6.1
23481,4.9
26415,7.6
28978,5.5
16198,7.8
18492,3.5
23821,6.7
18014,7.5
12705,6.8
12133,6.6
12892,6.1
21251,6.9
666,6.0
1081,7.7
22121,6.4
17493,8.0
27651,6.1
24064,6.5
13530,6.6
23103,6.7
24758,6.8
7131,6.0
26314,6.8
11856,6.8
27849,6.7
2429,5.9
27400,6.0
20962,6.4
5866,6.8
11723,6.1
24331,6.6
25493,5.7
18105,7.0
6296,6.7
4612,6.3
29076,7.2
25367,6.9
13512,5.3
21252,7.4
28298,6.8
18565,6.8
14365,5.6
10171,7.0
27404,7.0
22789,7.7
12496,6.1
12905,6.4
6862,3.5
22086,6.6
27260,6.3
18034,6.4
17984,7.1
22764,5.7
23347,6.1
28335,7.0
4134,6.4
9741,5.9
19675,7.8
28714,6.4
7342,6.3
5644,7.3
20613,6.5
19533,6.8
24097,7.3
11501,6.2
1910,7.2
22809,6.6
9287,6.7
23453,7.8
7090,7.3
3882,6.5
11112,8.3
27327,6.8
23766,6.7
16649,7.2
19395,5.4
18270,6.8
7061,9.3
17812,6.5
22987,6.1
17367,6.0
26190,7.1
25677,6.4
8627,6.8
22256,6.7
25374,6.7
19094,5.3
7574,7.4
22013,6.1
23250,6.3
19795,5.7
27024,6.5
12255,6.5
26424,6.1
24932,6.6
23367,7.9
8046,7.2
738,7.0
28121,6.1
18639,6.9
20502,6.4
3862,6.6
28867,6.6
11993,4.8
5655,7.1
27978,6.9
1565,7.6
13216,7.1
7039,4.8
5116,6.7
22061,6.5
3841,6.0
10421,5.1
12927,7.5
6576,7.6
6402,6.6
25525,7.1
16335,7.9
6422,6.6
20279,6.7
12464,8.0
2203,6.8
21311,5.8
25040,7.2
17979,6.3
28587,7.2
26609,5.8
7153,6.2
9719,6.3
15511,6.9
14878,7.4
27572,6.0
20642,5.9
22835,7.7
27103,6.5
24933,7.0
16804,6.9
20885,6.3
27325,6.1
14691,6.8
5622,6.3
12120,6.0
25447,7.1
15826,5.5
11510,6.4
13803,7.4
8449,7.1
27626,6.2
18184,6.5
28913,6.3
5362,6.3
2442,5.6
20457,6.8
22665,6.5
27691,7.4
24912,7.8
22978,6.1
28626,5.9
5259,6.5
7566,5.5
11076,6.4
695,8.0
8641,7.0
13786,6.0
3942,7.4
23507,7.2
891,6.9
26463,6.2
5932,5.5
4192,7.0
28375,7.6
15698,6.2
12267,7.0
3529,6.6
25391,6.8
23434,6.8
14572,7.0
73,5.0
17030,6.4
6676,7.2
6088,7.4
16153,7.2
13695,6.4
28621,4.6
23798,7.0
18857,6.3
6763,7.6
18360,6.2
4252,5.3
23509,7.3
27836,6.0
21966,6.3
28475,7.8
3939,6.3
20996,7.3
23274,7.3
19793,6.6
774,5.4
20196,6.0
9399,5.4
18271,6.4
3636,6.5
6701,7.9
10002,6.0
17502,6.2
28578,6.2
9344,8.0
15033,6.9
3354,6.3
6066,3.9
7392,5.4
20842,7.0
12854,7.0
28996,6.1
28073,7.4
13428,5.8
3001,7.5
7171,6.0
944,7.2
2201,7.9
28562,6.0
28667,5.3
28199,6.6
4000,7.1
24889,7.1
21032,6.3
23483,4.9
5518,6.7
14349,7.8
15414,6.3
14112,6.8
21735,5.4
22639,4.9
26430,5.7
26020,5.3
26388,6.6
15629,6.2
8324,5.9
15066,6.5
8781,7.6
2676,5.5
14959,6.8
8430,6.5
26496,6.9
17455,6.4
19801,5.9
20786,6.9
636,6.0
12629,6.4
19981,6.5
23944,6.3
21714,5.8
24576,5.3
26639,7.3
3683,5.8
18797,6.9
17096,7.6
3176,6.3
674,6.9
9693,6.8
8243,7.3
15807,7.0
19062,6.9
19335,6.4
21555,6.4
20539,7.4
8861,7.1
17667,6.0
10844,6.3
21454,5.4
22612,6.7
6585,6.0
10374,5.5
8313,4.9
16644,5.8
27870,7.5
24705,7.9
9608,6.1
1770,7.7
15012,6.5
9453,7.0
27612,7.4
3824,6.0
7482,6.4
23674,6.1
4828,6.5
23995,6.9
15127,6.5
27846,6.5
26092,7.4
26426,7.2
23277,6.4
13430,6.1
12331,8.7
813,6.8
13330,6.1
5672,7.6
26541,6.4
27641,6.5
6015,6.8
17092,6.4
28936,6.4
8423,8.2
2012,6.2
20149,6.8
9664,6.8
14000,7.1
4335,6.3
18798,7.0
13253,6.6
24412,7.1
20808,7.6
4228,6.3
13056,7.4
24467,7.1
15311,6.8
19934,6.4
24320,6.0
5067,7.1
25736,6.5
717,7.1
18659,6.7
27800,6.1
17541,5.9
21847,5.7
21180,6.4
23961,5.5
16278,7.3
11554,6.6
28193,6.8
1644,6.5
3805,7.1
16251,6.7
12936,7.8
22898,7.1
20304,6.7
25600,5.9
1527,6.7
27183,6.4
4542,6.8
766,5.1
28737,5.8
27648,7.1
14027,4.6
8748,6.6
9610,5.8
3449,5.6
1170,6.9
8828,8.5
26068,7.6
19868,6.6
7756,6.2
2146,6.3
12544,5.2
15562,5.8
18381,7.0
25539,6.3
25211,6.4
25385,6.8
18943,6.0
10588,6.8
251,6.3
10845,6.5
12459,7.5
4398,6.6
27268,7.0
23075,6.1
18738,6.5
3222,6.8
17786,6.6
21991,6.4
27098,6.9
25346,6.9
20767,7.7
6625,5.9
16012,7.4
13743,8.1
1266,6.9
5796,6.3
18823,6.4
7883,7.1
16246,6.0
20949,7.2
29195,5.4
26796,6.1
12642,6.7
2135,6.7
1890,6.9
23394,6.7
26537,6.1
21086,6.2
7881,7.3
26267,7.1
1963,5.6
12978,6.2
13580,6.2
17936,7.7
16784,5.4
18186,6.9
22690,7.0
20034,6.6
25294,6.7
24866,5.8
24136,5.8
26866,7.3
27267,5.9
2539,6.9
4459,5.6
28065,6.5
15385,6.6
19292,7.4
20548,6.1
11161,6.5
24745,7.2
9060,6.5
14710,6.5
27202,6.3
25472,7.2
10675,6.5
25317,6.6
25192,7.3
21488,6.8
7565,5.1
5350,6.5
27466,6.3
377,6.2
500,6.6
1102,6.6
27375,5.7
7898,6.2
25741,5.8
12736,7.3
27008,6.5
4872,7.0
19743,6.2
19943,6.1
2913,6.2
28243,5.7
22210,6.9
19656,6.2
28059,5.5
27987,6.7
17992,7.2
18819,7.4
27703,6.3
25553,5.8
18356,6.8
11029,7.0
21187,5.8
2671,7.1
7744,6.1
7739,6.2
14275,7.9
13429,6.0
15949,4.4
3111,7.0
29032,6.5
18135,6.5
4887,7.9
1875,8.8
22129,6.7
16080,7.0
3284,7.2
12186,7.3
27393,6.1
4150,5.3
18742,6.4
3418,6.3
16331,6.6
28179,7.0
19520,7.7
13994,6.2
3422,6.4
15888,7.8
22959,6.2
19713,5.8
20327,6.0
11605,6.6
877,8.0
28240,6.4
2274,6.8
24033,7.2
20197,6.3
1128,6.6
19580,6.6
11069,6.4
21148,6.9
29150,6.2
25369,6.3
8810,5.9
24994,7.1
26279,6.8
18818,7.7
28603,6.4
20035,6.7
7033,6.4
28895,7.0
27178,6.4
28769,6.7
21736,5.2
17416,7.1
11646,7.0
29177,7.3
20371,6.7
28571,6.6
21205,6.5
6870,6.4
5176,7.2
8555,7.0
22882,7.1
12999,5.4
11983,5.9
13839,7.3
24503,6.4
14997,5.8
2958,7.9
2558,8.1
14050,6.0
24504,6.7
22918,6.6
26539,6.4
9303,7.1
9627,6.5
24181,6.4
27306,5.9
27973,7.0
15644,5.8
24613,7.0
26806,8.2
3348,8.0
12257,7.0
14318,7.2
10783,5.0
1631,7.2
21834,7.2
3585,6.4
5441,6.5
24837,5.8
20616,6.4
28051,6.7
25439,7.0
24827,6.5
25962,7.5
9300,6.3
28451,5.8
28349,5.6
3968,7.5
17995,6.8
28314,5.6
29216,6.5
27040,7.0
9292,7.4
7544,7.7
20545,7.2
24010,6.7
26972,6.9
18606,7.3
25191,6.3
2682,6.6
15260,6.2
13408,7.6
5043,7.8
18964,6.3
25035,7.3
27054,6.4
21351,6.5
24466,7.5
5692,6.6
21013,6.3
4670,5.9
2607,5.7
26083,5.9
10581,6.5
11741,7.2
21104,6.4
16444,5.6
3431,6.3
11153,6.9
13051,6.6
5139,5.7
15489,6.2
3219,6.3
10799,6.6
6297,6.7
28291,5.6
10067,7.4
4664,7.5
15948,6.4
18957,6.2
9923,6.0
457,6.5
3458,5.9
27458,7.6
4376,6.1
2914,5.4
13640,7.0
9182,6.5
22302,6.3
28483,7.1
18519,6.5
26377,6.9
23364,6.4
26387,6.3
29180,6.4
2141,6.2
22924,7.0
7529,7.1
27132,6.1
10409,6.6
16097,7.7
14281,6.5
13806,8.4
12012,6.7
9941,6.6
22649,6.7
20802,6.9
26968,5.7
7840,6.3
15005,6.5
28158,6.2
17044,7.6
18522,5.8
11814,6.3
27508,5.2
10733,6.4
22834,6.7
23703,6.5
16306,7.8
18975,6.6
27449,5.6
22187,6.3
24816,5.4
5914,7.6
15036,7.0
26203,6.2
22648,6.4
28943,7.5
16411,7.6
18988,6.2
27984,7.3
25831,6.7
24235,6.9
24730,5.8
20814,7.2
24450,7.7
21036,6.8
1573,6.8
11138,6.2
12333,6.1
25345,6.9
26366,6.3
19167,6.5
4516,7.6
17751,7.0
16426,7.6
2739,5.6
22175,6.4
23535,7.1
460,6.1
818,6.0
26198,7.2
19320,6.6
20176,6.3
13650,7.6
6704,6.6
1079,6.5
27542,6.4
12396,6.8
5459,7.7
27584,6.7
15958,6.7
1323,6.3
26446,7.4
12214,5.9
16593,6.5
1649,6.2
5732,6.5
5679,6.3
17964,8.1
14458,6.8
25365,6.8
13488,6.3
28466,6.2
11874,7.3
20575,7.9
6122,7.2
4702,6.4
25561,6.5
1088,7.0
27881,6.9
21833,6.4
10939,7.0
16709,6.6
11279,8.4
7032,6.7
21345,6.9
6087,6.6
18430,6.5
15643,6.5
8907,7.0
17759,6.8
23482,5.3
24273,7.4
10618,6.3
28835,5.5
16715,7.2
5472,7.9
13276,6.1
21880,7.1
1522,7.8
16410,5.9
25241,6.8
11722,6.5
9740,7.2
6965,6.3
18730,6.2
23429,6.9
4881,7.4
20047,5.5
10158,6.5
23132,7.0
5547,6.4
28579,5.9
25865,6.3
16965,6.6
28237,5.7
10156,6.1
1517,7.4
15892,6.0
25139,5.6
5636,6.8
24099,6.1
7837,5.6
24186,6.9
21553,5.9
22474,6.1
18512,7.8
25910,6.3
4266,5.8
8108,7.2
26337,7.2
25319,5.6
26176,6.6
21363,6.6
27506,6.8
17696,5.8
28218,6.9
14880,5.7
7969,6.2
16803,5.6
29183,6.2
23265,7.8
4472,6.3
5234,8.2
26181,7.4
7821,6.1
25454,6.3
19388,6.4
19842,6.4
8140,7.2
212,6.3
8176,7.3
11786,6.6
22240,7.1
14456,6.4
7469,6.1
10582,7.6
20546,6.4
16110,8.1
6112,5.8
12180,6.4
6423,7.1
20370,6.7
21367,6.1
22154,6.2
13902,7.8
3695,7.3
9413,6.0
8929,6.4
8154,7.4
6793,7.4
12655,5.8
15379,8.1
18216,6.8
9121,7.4
21428,7.0
22584,6.5
22812,6.1
27888,6.2
28402,6.9
28053,6.6
8171,5.3
8878,7.3
28596,6.7
8982,6.8
6236,7.0
3660,7.1
21790,7.1
64,6.6
15585,6.2
28264,7.3
6898,7.0
6561,6.1
11185,5.5
22856,6.5
19408,6.6
17049,7.2
17912,7.3
19161,8.0
24633,7.1
2056,7.4
11187,6.4
25670,6.6
6182,6.1
27650,6.6
5578,6.8
3163,7.4
5313,8.1
25324,6.0
19555,6.1
21894,7.1
10548,6.2
1024,6.3
25821,6.3
25290,6.4
25579,6.1
10791,6.7
25631,6.9
13912,5.8
25368,5.9
21590,7.7
4634,7.1
18061,6.9
6998,7.0
16433,7.0
12520,7.0
23083,6.2
22802,6.6
28426,7.3
8212,8.1
626,6.5
173,6.0
16459,6.3
14866,6.2
17818,7.1
20406,5.8
9780,6.6
28559,7.3
21623,7.4
3314,7.5
12131,7.5
22208,7.4
16494,5.4
9035,5.0
12716,6.7
2052,6.0
14509,7.0
1378,8.0
26254,7.3
21925,7.1
15661,5.9
357,6.9
4105,7.6
19897,7.3
17340,5.8
3220,6.3
8228,6.6
25817,6.2
14235,6.6
5834,7.2
29132,6.9
2927,8.3
17917,6.0
12934,6.8
14888,7.3
10851,7.5
14140,6.9
23642,6.6
28597,6.1
1366,6.9
20621,6.1
24427,6.5
6840,7.2
10559,7.0
14322,6.8
13444,7.5
257,4.8
3359,7.3
6409,6.3
27787,6.5
15255,6.9
8432,8.1
15245,6.7
14638,7.7
17466,6.6
22839,7.3
1840,7.1
25500,7.1
14380,4.8
24738,5.7
2978,6.7
22067,6.7
10599,7.9
1364,6.7
26752,6.3
6554,8.0
21221,6.7
11714,6.4
2392,7.3
5849,5.9
15416,5.9
14117,5.4
4875,6.1
10727,6.8
8489,6.7
14685,6.1
15057,7.5
22196,7.0
26951,7.5
3077,7.6
28328,6.8
20195,7.8
16908,5.8
20380,7.2
28144,5.8
25062,6.2
994,1.0
12051,6.4
17576,6.2
9481,6.4
17779,7.9
21755,5.8
5917,6.0
16334,6.7
16845,5.9
28164,6.3
605,7.0
26830,5.9
9278,8.1
19426,4.8
26031,5.6
20732,7.2
21503,7.3
27255,6.5
15711,5.3
22494,5.9
16707,7.2
12632,5.6
19156,6.0
28476,6.0
11556,6.2
27188,6.5
13279,6.2
5806,5.0
24276,6.4
10613,7.4
25102,7.0
26953,5.4
26919,6.0
27058,6.2
20965,6.9
27355,6.5
25136,5.4
17610,5.1
12490,6.9
23527,6.6
6458,7.6
1242,6.1
7779,6.0
3878,5.5
556,7.2
16656,6.6
16817,6.4
29186,6.4
16901,6.6
10207,6.4
24724,7.3
4418,5.8
12637,7.3
27606,7.3
24764,5.9
20815,7.2
20099,6.6
6783,5.2
23903,7.0
4311,6.9
1345,7.4
25401,6.0
1087,6.8
5191,6.8
27185,5.5
18361,6.6
23026,6.5
6878,7.1
7829,7.0
22127,6.9
26487,6.5
3666,5.5
9284,5.5
12351,6.5
26142,6.2
23269,7.1
24630,6.0
16936,7.0
28246,7.6
10654,5.8
27292,6.2
18228,5.7
17832,6.3
9485,6.4
17009,7.0
6791,8.7
4494,7.5
20388,7.3
22876,5.9
11920,7.7
1886,8.1
28014,6.9
27531,6.5
4718,6.8
15182,7.3
10714,6.3
1322,2.9
13295,7.4
15603,7.1
1357,6.2
3067,6.9
14247,6.1
4416,5.6
3844,5.8
28326,6.2
18587,3.5
3523,6.9
15205,5.3
2640,5.5
17497,5.6
23257,7.5
12201,6.6
4147,5.6
9535,6.9
22433,6.5
15947,6.7
25060,5.8
28997,5.9
28076,7.3
25015,7.5
28428,5.5
22457,6.1
13973,5.8
27798,6.1
12793,5.3
19313,6.1
28461,6.7
26603,7.4
13328,6.7
27244,6.1
742,6.2
10214,5.0
8102,7.0
24489,6.7
14066,6.4
21418,5.7
7129,6.5
27065,7.0
28367,6.0
23695,6.0
25585,5.9
17507,7.6
27930,6.4
17517,6.4
1896,7.0
28271,7.7
4190,8.8
18669,4.8
28050,6.5
21214,8.3
20559,6.4
16296,7.6
27816,6.4
7000,7.1
10626,6.8
7953,6.3
23324,7.1
22346,7.0
18018,6.5
3777,7.1
6337,6.4
4998,7.0
16448,7.0
12515,5.4
26172,6.1
21451,8.1
24397,6.4
19396,5.8
11698,7.2
8551,7.4
27749,7.0
1762,5.7
24658,7.2
13130,6.2
28339,7.2
17688,7.4
12368,5.8
8553,6.3
28781,6.7
4415,6.8
25917,6.8
12688,5.9
11415,6.5
17377,6.5
25023,7.0
22806,6.1
28800,6.6
17578,6.6
11481,6.6
26447,7.4
9634,6.2
26306,7.0
18721,6.7
7699,6.9
6414,8.3
22275,6.5
26591,6.5
15901,6.5
27304,6.6
23173,6.2
801,6.1
24797,5.3
7778,6.8
12843,8.0
4221,6.9
11555,6.2
1957,6.1
3799,8.7
9647,7.1
109,7.1
18745,7.2
3266,7.7
28971,6.2
9394,6.5
19293,7.5
17071,5.5
25884,6.9
10109,6.9
10090,7.0
28188,7.1
16144,7.0
27737,7.0
15989,5.6
1425,6.6
23052,6.0
19494,5.2
7757,8.3
18368,7.2
25843,6.6
9164,6.7
16794,7.4
21116,6.2
7522,6.1
23778,6.2
1152,6.4
24230,7.2
28378,6.7
26211,6.2
9258,6.5
15359,7.1
26386,6.8
27753,7.8
105,6.6
19547,6.4
29019,7.1
23389,6.9
25896,6.4
4159,6.6
17440,6.5
20518,7.2
4588,6.8
20544,6.9
13413,7.7
7738,6.9
6133,6.2
17806,6.5
8726,7.5
18547,7.9
28235,7.0
3754,6.1
7481,7.2
12731,6.9
12192,7.0
1426,6.3
23663,7.0
3644,6.8
2231,6.9
5900,6.9
8895,6.6
25541,6.0
4152,7.1
15213,5.6
406,6.9
17313,7.0
5210,7.4
7261,6.2
8287,7.7
213,6.3
2306,6.2
690,6.5
8964,7.0
26757,6.8
27754,6.6
21582,6.6
27509,6.8
23205,5.8
27979,6.3
13288,6.5
27559,7.4
7388,6.6
10245,7.4
10989,6.9
7999,6.0
28662,7.0
21060,7.1
26651,6.8
25470,6.3
3910,6.8
5429,6.6
10639,6.2
26838,6.5
28934,6.5
14971,6.8
1038,7.1
25989,8.4
19322,7.7
18740,6.1
28338,6.3
27148,7.0
24859,6.6
10674,7.6
5212,6.2
5689,6.5
5353,7.1
13792,7.7
7288,5.8
20017,5.3
17161,7.4
17006,5.9
25580,6.3
8889,5.8
8068,6.5
14760,5.0
1961,6.6
6418,6.5
26501,6.9
26036,5.9
18068,6.7
15376,6.2
17359,6.4
28659,7.8
22662,6.0
12044,7.4
19704,6.4
28987,6.7
8852,7.6
2280,4.2
5944,6.2
91,6.2
11927,7.5
8808,6.8
12314,7.4
26554,6.8
23477,7.0
18868,6.1
16815,5.4
6383,7.3
17229,7.0
10743,6.1
25737,6.3
27153,7.6
20401,6.2
11776,5.4
28110,6.2
20216,6.4
14283,6.7
996,6.6
17646,7.0
12755,7.0
21473,6.1
2009,6.5
9192,6.9
13456,6.1
25829,6.0
15942,7.1
13122,7.5
3594,6.9
25072,5.9
17471,7.1
12077,6.3
1229,4.8
28849,7.1
15278,6.5
27385,7.1
9526,7.4
19366,6.5
15463,5.6
9086,5.8
16076,5.5
10399,7.0
19254,5.7
22547,6.5
10022,6.8
23729,6.6
13148,6.6
3767,5.9
25854,7.0
28944,7.3
17712,7.4
10754,7.4
5135,5.3
3868,8.1
15587,5.5
27100,7.2
28779,7.1
9560,6.1
2547,6.3
8634,5.9
27323,6.6
14745,4.6
26602,6.8
7404,7.8
27362,6.7
2051,7.8
23590,6.3
17986,5.7
21461,6.8
22994,6.4
27696,6.2
5341,5.8
11848,6.7
27437,7.0
13453,6.7
22470,6.5
10304,6.2
5807,8.4
10836,7.6
26862,6.2
22775,5.9
5170,7.4
24297,6.0
25916,6.6
22192,6.6
26301,6.8
26716,6.8
17767,6.0
21279,5.8
2357,5.9
3277,6.0
15111,6.1
16631,6.7
17656,6.2
20441,6.8
11942,6.8
26764,6.3
8501,7.4
9899,6.9
23342,7.0
2811,6.4
16338,6.3
22980,7.0
11118,5.4
1743,6.1
23255,6.3
17947,6.9
25371,6.2
4038,6.4
10204,5.7
14839,7.4
5479,6.8
1434,7.5
20452,7.6
24458,7.3
2461,7.2
21095,6.9
23158,7.5
12022,6.1
373,7.2
16758,5.7
18737,6.3
23270,6.8
436,6.9
12025,6.9
3325,6.4
28371,6.1
3195,7.3
27011,8.0
28676,6.7
5557,6.9
25240,7.6
23746,6.6
20067,6.2
23386,6.4
15252,6.2
894,7.4
28169,6.0
5065,5.8
3740,6.6
24405,6.6
10649,6.0
4744,6.6
9499,7.0
10881,6.6
14232,6.1
4775,7.4
26744,6.6
11664,7.7
1764,7.7
24914,6.5
26977,5.7
27214,6.0
7103,5.6
26264,6.7
6709,6.1
26478,5.8
19831,7.4
8821,5.9
25983,6.7
18976,6.6
21654,7.2
12315,7.6
26698,7.0
27022,5.5
11362,7.4
19959,6.6
2971,7.1
20340,6.8
26792,6.2
5928,7.8
13676,7.1
3479,7.2
26536,6.4
5302,4.9
4330,7.8
1424,6.5
28492,6.4
17246,6.8
22879,7.1
13188,6.2
7291,7.5
8371,6.8
7181,8.0
14062,7.1
8077,6.9
16283,6.9
27365,6.8
1998,6.4
7891,7.2
13797,7.3
22340,8.2
10205,5.7
26251,5.8
22345,5.6
10487,7.9
16979,6.9
15194,6.3
19205,5.7
17047,7.0
17191,6.8
13300,7.7
27636,5.9
11526,5.3
19136,6.9
6419,6.3
7328,6.4
2162,7.4
27948,6.9
7097,6.5
25891,6.8
19110,5.4
27831,6.3
17035,5.7
23017,6.1
5614,6.6
14286,5.7
25397,6.6
17594,6.6
7414,7.5
4853,6.9
10987,7.4
28310,7.2
12966,6.2
7225,5.2
7471,8.0
19541,7.1
17575,6.7
27920,6.8
6564,7.7
3081,6.2
25560,6.5
25794,7.6
11727,6.8
4148,5.9
10669,6.8
10641,6.3
10451,7.4
24259,6.4
19304,5.8
12455,7.0
12140,6.5
28168,7.0
9049,7.2
13784,6.4
27573,6.2
10611,6.4
29124,6.3
2807,7.4
12667,7.4
18989,6.1
22800,7.3
22342,6.6
10222,6.2
21542,7.4
13067,7.4
1505,6.9
6509,8.0
27156,6.1
18435,5.9
4395,7.0
7191,7.8
21439,7.4
23203,6.1
21742,6.8
23802,6.2
24946,7.4
15263,6.3
22008,6.1
8096,7.2
28432,5.8
10878,8.4
17908,7.3
15786,6.8
21970,6.0
17647,7.3
1440,7.1
24414,6.1
4507,7.2
11648,6.2
974,6.1
16923,7.0
9142,6.3
14474,7.2
12678,6.3
2363,7.0
27302,6.9
19280,6.3
10531,7.0
2843,6.1
25494,6.2
12167,7.1
27388,6.1
20135,6.1
15970,6.7
3374,7.0
22124,5.5
28847,6.6
14659,7.0
23390,6.4
24190,6.8
4153,6.2
22000,5.9
20045,6.6
576,7.3
16282,7.4
1371,6.4
1605,7.7
15477,7.9
18953,7.2
19874,7.1
15775,5.9
25487,6.0
17232,6.7
15226,8.2
26545,6.1
5934,6.9
15679,6.8
19061,7.1
24637,5.9
3992,6.4
26596,7.0
1592,7.2
21695,5.7
23758,7.8
13618,6.6
4274,6.4
22664,6.6
19473,6.3
9965,4.9
25895,5.6
17287,7.2
9252,7.0
25511,6.8
11774,7.4
10698,7.1
7629,6.3
10392,6.4
4127,7.1
7536,7.4
9134,7.0
11424,7.6
25027,7.2
26886,6.2
25834,7.2
20289,5.6
19092,7.2
17641,6.1
4077,6.4
24926,6.9
18937,6.8
9314,7.0
28959,6.8
27055,5.3
16719,6.2
16829,7.6
4015,7.4
9976,5.9
3554,7.2
268,7.1
26869,5.9
20444,5.2
1062,6.3
23046,6.7
18548,8.1
29095,6.3
16530,6.5
26747,6.3
21250,7.9
1318,5.8
27664,5.8
7262,6.1
14157,6.6
22348,6.2
4616,7.4
14921,6.5
23047,6.2
14163,6.3
26246,7.2
4928,6.4
21322,6.8
14709,7.6
20830,5.8
20540,6.2
4821,5.7
7281,6.9
20298,8.2
22170,8.1
19931,6.5
11919,6.2
24872,6.2
26670,5.9
18193,6.8
5937,6.5
5293,5.7
6641,7.4
28313,7.6
27418,6.7
1955,5.8
1506,7.0
17216,7.7
23297,6.0
2104,6.5
2257,5.6
28087,7.1
6346,7.0
23028,7.2
23920,7.1
24839,6.2
9403,7.1
25710,5.9
8526,6.7
7109,6.3
1805,5.8
375,7.2
25690,6.8
6351,7.8
22030,6.6
24819,6.1
9487,6.9
3823,7.4
3577,6.5
18511,7.4
19132,6.6
27847,6.2
4658,7.7
3272,6.2
20152,6.9
4326,5.8
28875,6.1
10899,6.9
26742,6.2
27154,6.0
10300,6.5
29207,6.2
5967,4.2
13769,5.8
10777,6.7
11831,6.7
4053,7.7
4495,7.2
19228,5.3
24164,7.4
10981,7.0
15110,6.0
22446,7.5
7117,6.6
8348,6.9
5713,8.0
28976,6.5
14290,7.2
18865,6.2
12030,6.3
28472,6.3
13468,5.5
26967,6.6
7546,6.2
17308,7.2
15038,7.9
7094,5.4
18533,5.6
24706,6.6
22718,6.0
17221,6.1
2727,7.4
206,6.2
8575,8.0
18090,6.7
26693,6.3
13340,6.2
8915,6.7
21969,5.8
4285,6.7
5513,6.3
17472,7.1
17631,7.0
6251,5.4
11794,6.6
15525,7.9
1706,8.3
29122,6.0
3144,5.5
29047,7.2
18672,8.2
24442,7.6
27758,6.3
16104,6.7
25902,6.6
20940,7.8
18864,7.8
27343,6.5
3913,7.3
15259,6.0
10826,6.5
962,6.0
8512,6.9
21412,4.9
7106,5.4
21870,6.5
23117,5.5
11699,6.3
22213,7.6
23514,6.4
12202,5.8
16176,7.7
6478,8.0
23901,7.3
8367,6.4
25508,7.2
16327,7.3
20717,8.1
24676,5.8
10190,6.1
13069,7.0
10160,5.4
8652,6.0
12537,5.3
21726,5.2
9048,7.0
1209,6.9
25229,5.2
4776,7.4
8987,6.8
13381,6.4
13957,7.1
1117,6.7
13486,5.7
23655,6.1
29185,6.6
28952,6.1
25698,6.9
5913,5.5
27968,6.8
7736,5.8
26689,6.3
20077,7.3
574,7.1
19739,6.1
54,7.4
5055,6.0
17192,5.5
20852,7.2
28540,6.0
5788,6.2
2451,5.6
6118,8.1
9269,7.1
22730,6.9
22369,7.4
24860,6.3
1423,6.4
35,7.4
17068,6.6
7685,7.0
21782,6.0
13192,6.7
6199,7.3
16366,4.4
26902,6.0
7686,6.8
17027,7.1
14319,6.8
25824,7.4
27845,7.6
802,6.3
2708,7.0
6761,4.5
9423,6.8
23044,5.9
26895,6.1
9982,6.9
29203,7.3
9227,6.3
28027,6.1
27733,6.4
28481,6.8
12425,6.9
27084,7.0
14697,6.4
28688,6.2
25818,6.3
21761,6.3
12565,6.2
8208,7.2
23842,7.1
10031,5.7
14799,5.8
17521,7.0
26730,5.6
1862,5.9
8873,6.8
12972,6.2
122,6.6
9402,6.9
8696,7.0
23310,6.5
20859,7.6
6085,6.9
344,7.1
14884,7.0
3952,7.8
6344,6.1
5094,6.5
27826,6.2
1735,7.5
8355,7.8
1841,6.8
5871,6.1
19307,6.5
23726,6.5
22895,7.0
3979,6.6
22925,5.0
7803,5.8
11792,7.2
25134,6.8
27748,6.2
24561,6.0
23718,6.6
20225,7.9
23224,5.8
14907,6.7
17491,7.2
21809,6.9
27658,6.2
10082,4.7
19458,6.7
19768,8.4
28741,6.3
20571,6.7
4468,6.3
23296,6.6
3342,6.9
2374,7.0
14693,6.8
17500,5.9
24508,6.5
25333,6.1
11863,5.8
18838,8.1
27954,6.4
22287,6.7
7397,6.1
10431,6.5
21860,7.4
20707,6.1
8156,5.7
16406,7.7
14007,5.9
12638,6.9
13,7.5
28146,7.4
18474,7.0
19980,6.8
10528,6.8
326,6.9
11871,6.8
2167,7.6
7652,6.2
28473,5.7
23076,6.3
16892,8.7
4899,7.8
19305,6.8
19364,5.7
16389,6.2
687,6.2
20361,5.5
28970,6.7
4231,6.1
22695,6.6
12032,6.7
26027,6.0
23064,4.4
14253,6.8
21625,6.7
11201,7.2
23893,7.0
25747,6.2
23632,6.8
24522,6.3
7869,7.3
300,7.6
4571,7.3
26572,5.7
23937,6.6
13001,6.2
10541,6.7
13137,7.8
8137,6.5
5130,5.0
74,5.0
15589,6.5
9000,5.5
12894,7.0
24970,6.3
3478,7.8
22821,5.9
24964,6.9
210,6.0
28406,6.4
26404,5.9
11229,6.3
4352,6.4
691,6.9
15462,5.6
12482,7.4
4640,7.3
23849,5.8
2970,7.5
25022,6.6
14836,7.5
7042,6.8
20589,6.5
17542,7.1
3376,6.6
18138,5.8
1579,7.3
15776,6.1
6947,5.9
12746,7.2
23102,6.7
19256,6.3
19448,5.7
26012,6.3
11997,7.8
13478,6.7
5957,6.0
16295,7.2
7218,5.4
14573,6.9
18304,7.2
12765,6.8
20651,5.5
23910,5.5
14923,7.0
17421,6.7
8421,5.4
26992,7.1
26284,7.0
5015,5.4
24644,7.6
22509,5.8
22676,5.8
22043,6.6
5787,6.8
13829,6.3
11445,7.0
12873,6.8
19470,5.6
27932,6.0
20151,7.6
2519,6.7
26070,5.8
26790,6.3
9912,7.0
25295,6.1
29213,6.7
24236,5.0
26113,7.4
13479,6.5
10861,7.3
8730,4.9
15505,7.6
14425,6.6
14364,6.4
11952,6.2
6040,4.6
20715,6.3
3321,5.8
23427,6.6
22667,5.8
608,6.7
8482,6.8
12356,5.5
8209,6.0
11800,6.5
6971,7.3
26065,6.9
27575,4.8
15615,7.2
9855,7.3
26840,6.7
23094,7.1
14244,6.0
1201,7.4
18081,6.5
1140,7.1
20620,6.6
1562,6.1
25482,6.7
14553,7.1
7015,6.6
21762,6.7
17969,7.2
13165,5.6
11529,5.8
12794,7.2
6886,7.9
27082,6.2
24340,5.9
27414,6.6
24555,6.9
17101,6.3
20897,5.7
15983,6.2
15105,6.9
11205,6.5
18383,6.5
12399,6.5
14611,7.8
28183,6.2
7985,6.5
10219,6.1
16838,6.8
19379,6.6
2505,6.7
12080,5.6
25832,6.4
12770,5.2
12324,6.9
20887,7.3
13782,7.8
23338,6.8
27023,5.0
7847,7.3
23839,7.0
14961,7.4
26385,6.6
26135,7.4
7844,7.2
25000,6.0
10184,6.6
1914,5.4
20095,6.9
24863,7.4
7280,7.8
15821,5.6
3794,6.6
17301,6.9
18760,7.2
9937,7.1
9063,7.9
10069,7.2
11676,7.1
655,8.2
3832,6.4
19823,6.6
21994,7.4
12141,8.1
5736,7.3
9408,7.2
5203,6.0
24221,6.7
2312,7.4
28692,6.1
17896,7.0
3613,5.4
15952,7.5
18702,7.0
12234,7.3
14588,7.0
14487,5.6
4138,7.5
23614,6.5
14927,6.5
77,6.5
27598,6.3
1580,5.9
28165,6.7
18916,5.4
17057,8.4
11536,5.5
99,7.0
10494,7.7
7831,6.0
3842,6.8
17437,6.6
617,5.5
14661,6.9
22412,6.4
10867,7.5
18240,6.2
10501,5.0
2881,6.9
4886,5.4
28112,6.6
7609,6.8
4611,6.3
11126,6.7
22788,6.0
11098,7.1
9495,7.0
17791,7.2
24425,6.2
8326,5.9
16876,5.4
14924,6.5
7396,3.6
26665,7.1
27282,6.6
21863,7.4
5669,7.2
7788,6.3
3302,8.0
15155,7.0
4072,6.6
274,5.5
24197,6.6
18272,7.6
13166,7.9
24755,6.3
13106,7.9
14570,7.2
20068,6.3
22145,6.7
4628,7.0
1508,6.4
8608,7.5
5964,6.4
6443,7.8
25247,7.2
1686,7.3
20909,7.6
6232,5.9
8675,7.5
1638,4.4
16313,6.8
24723,6.0
2260,6.2
9979,5.8
23599,6.5
7433,7.1
24202,7.0
4889,6.1
9053,5.3
14097,6.9
12432,7.2
15515,7.2
19584,5.9
2484,6.4
10726,5.8
22624,6.9
25248,7.8
17361,5.9
18378,6.6
11083,6.2
25112,6.4
23753,6.3
16293,7.1
22559,7.0
2288,6.4
16818,8.0
9331,6.7
3070,7.7
19856,7.5
16377,6.1
13435,5.8
1008,7.4
24824,6.2
4964,7.1
21811,6.7
26119,6.1
4282,7.9
13649,7.8
409,6.1
5366,6.1
182,7.4
12073,6.8
13675,6.6
28768,6.6
19977,5.0
15329,7.1
5121,6.8
28637,6.3
19209,6.8
273,6.1
8448,7.1
8880,7.3
21584,6.1
11175,6.7
7137,7.8
12007,7.4
25106,7.3
19347,7.1
26776,6.0
22587,6.6
4996,5.4
9212,7.1
29184,5.8
23915,7.4
4471,6.3
18995,6.9
26631,7.2
2271,5.6
27807,7.3
6134,5.6
21129,7.2
8499,6.3
14529,5.0
29168,6.4
3614,6.0
28631,6.6
6114,7.4
24075,7.5
8905,5.8
22035,6.6
14343,6.1
23398,7.4
27700,7.2
2423,7.4
21769,6.0
8999,6.9
19348,5.9
5953,5.4
2359,7.4
7666,6.7
27986,6.3
15613,6.7
9971,6.8
14231,7.6
1847,5.9
2861,6.7
22958,6.8
17351,5.8
4239,7.7
6405,7.2
12666,7.0
13299,7.3
2904,6.8
3672,5.9
28951,6.3
10174,6.2
22136,6.8
11121,6.5
6248,6.6
15940,6.4
28619,7.2
2106,6.2
22868,6.1
25853,6.2
13574,6.4
9068,6.6
24531,7.5
13846,3.7
5525,7.6
9800,7.5
7264,6.3
4519,5.8
12660,6.6
5447,6.9
19858,6.9
25577,6.8
21342,6.0
9540,7.9
15680,6.9
13735,7.1
8399,6.3
17022,7.2
10607,6.4
20351,4.8
28312,6.3
19518,7.4
25610,6.1
24203,6.6
27570,6.2
272,5.9
26161,5.9
18693,7.5
19076,6.8
8001,6.8
23787,6.5
12675,5.7
2532,6.3
28870,6.8
21329,7.0
29208,6.5
13656,7.0
3688,7.4
23194,7.3
10923,6.5
7483,7.1
3066,6.5
28984,6.5
28184,6.1
20499,6.8
5592,5.3
21577,6.7
23627,6.5
9478,5.3
16617,5.8
27512,3.3
28435,6.4
18397,6.7
25548,5.9
24981,6.6
6119,6.1
26836,6.3
10566,7.3
16388,5.8
17408,6.0
8786,6.5
4371,6.9
14965,6.4
26035,6.1
7438,7.0
4752,6.1
21543,6.5
25993,6.3
15546,6.8
19147,6.2
5742,5.7
29176,7.5
27780,6.4
14582,4.6
19033,7.4
22700,5.9
19573,7.0
12268,6.5
19020,7.8
12256,7.0
2300,6.3
226,7.4
12189,6.5
25718,5.9
15080,6.2
21334,7.1
13771,6.0
21572,6.6
11932,6.5
21911,6.0
18701,6.3
8199,7.1
21913,6.9
4129,6.7
25416,6.1
12200,6.4
899,7.5
10004,6.8
23258,6.7
3678,6.9
10585,8.1
9733,7.4
3493,7.5
10595,5.6
8866,6.4
15340,5.3
28041,6.4
6781,6.5
25869,6.6
4107,7.0
5365,7.1
20848,7.5
8135,5.9
26097,6.0
28054,6.8
24928,6.7
20222,7.1
21467,7.6
17204,7.1
12881,7.2
230,7.0
22947,7.9
28981,6.0
17342,6.1
1995,7.2
11428,7.4
14412,6.0
25334,6.1
26074,6.8
4197,5.9
1188,5.6
3956,6.6
15104,8.5
53,7.7
7123,6.2
7256,5.1
23671,6.0
23788,6.8
21249,7.7
7421,6.6
27838,6.0
2416,6.4
2845,6.9
6209,6.3
23,6.7
2860,7.4
22647,6.9
25076,6.8
13360,5.7
25901,7.0
10475,6.5
5235,4.2
19948,6.4
7620,6.2
14605,6.0
19548,7.6
28323,6.7
19686,6.6
1775,6.9
27216,6.7
11302,5.6
19262,5.4
29170,6.3
25253,6.9
19009,6.6
8417,4.9
22214,5.6
26158,6.3
12139,6.7
17503,6.2
13324,6.9
21182,6.2
7166,6.7
12378,6.9
2542,5.5
26985,6.0
17957,7.6
4742,6.9
8919,5.4
11072,7.1
7703,6.6
25392,6.6
15586,5.1
2435,8.3
15750,5.3
13754,6.3
23065,6.6
4787,6.5
24302,5.9
18300,6.5
24204,6.2
8475,6.5
16151,6.5
28344,7.3
29029,6.9
27574,4.6
27142,7.0
15366,7.9
2878,7.1
21196,6.7
8426,7.3
5767,6.0
11504,7.5
22380,7.0
9299,6.4
24595,6.9
23035,6.7
26360,6.3
22502,6.8
10239,7.1
28363,6.6
5352,6.4
20990,7.4
8924,5.5
1623,6.7
10049,5.9
27795,6.1
24437,6.5
2597,6.7
18498,6.5
26047,7.8
22003,6.7
4339,6.2
7922,7.3
27746,6.1
12917,5.4
28833,6.6
8594,6.2
21785,6.1
28485,7.2
25666,5.6
9822,7.0
7892,6.2
2380,7.6
29058,6.2
21980,6.4
22076,5.6
24803,6.9
14165,6.4
7119,5.8
142,5.3
14973,6.7
17742,6.1
24974,6.9
1205,6.0
9361,6.7
2317,8.4
3807,6.4
25037,6.1
16072,6.8
10172,7.6
27204,5.7
19641,6.7
3654,6.4
24984,6.1
28595,6.6
19888,6.3
6571,8.2
20094,7.5
5704,7.0
3457,7.9
5661,7.1
14142,6.8
22117,6.8
18773,4.1
25272,6.9
14571,6.5
28479,6.0
20739,7.4
18411,6.3
27177,6.6
9459,6.8
4305,8.2
16493,6.9
5328,6.2
15832,6.6
16561,7.2
14711,6.3
26080,7.1
8229,7.6
28157,6.4
13599,7.6
9611,6.4
28844,6.3
13136,7.7
11483,5.8
27357,7.1
21066,6.9
15343,6.4
28629,6.4
14812,5.9
3808,6.1
10293,5.8
2216,6.6
13751,6.5
12787,6.3
28646,5.8
3566,5.4
25603,7.6
8009,6.9
2848,6.9
26675,7.5
23623,6.8
11805,6.7
15130,6.4
13302,6.1
5567,7.7
17590,6.4
14383,5.9
16954,6.3
22931,6.7
11054,7.1
29013,6.4
12737,6.6
9505,7.1
8676,8.1
25695,6.9
4782,7.3
4806,6.4
10866,6.0
26787,6.6
28227,7.2
26078,6.0
652,7.8
23864,6.6
23355,7.2
26206,6.7
20730,5.2
13858,7.5
24696,5.4
21844,5.6
22257,5.7
17793,5.6
15171,6.8
22203,7.4
25908,6.3
23109,5.5
12047,5.9
27871,6.5
22998,6.4
23576,6.0
12774,6.0
26461,6.0
11391,5.7
7538,5.6
19119,6.5
15377,6.4
14382,5.9
7901,6.8
14087,5.8
437,7.3
13857,6.1
112,7.2
19265,7.3
24409,6.6
16006,6.4
12076,6.3
27653,6.1
21939,7.0
20514,6.7
17420,6.3
7009,6.9
10151,6.3
2821,6.8
15597,6.2
1795,7.1
8019,6.7
16651,7.8
24460,7.0
9566,5.9
11071,6.6
566,7.6
465,5.7
3572,6.6
27998,6.4
11891,7.1
23447,6.4
14224,6.6
11936,7.2
12600,6.3
22753,7.2
4625,6.1
5666,7.0
5138,7.5
6819,8.9
19188,7.1
28081,6.1
23869,6.0
15811,6.6
10725,7.1
11760,6.3
25177,6.9
14114,5.8
3739,6.7
20787,6.8
178,7.3
27118,6.4
6120,6.2
17928,6.5
16948,6.6
25038,5.9
9322,6.4
19015,7.4
15016,6.7
2866,6.7
11544,7.8
16462,7.7
19405,6.4
6498,6.2
11736,6.1
27207,6.6
18794,6.2
13756,6.6
22781,6.5
286,6.8
9324,8.0
27056,5.5
23799,6.3
19730,7.2
8639,7.5
10760,7.2
2077,6.9
26798,6.9
18612,6.8
9703,6.4
23721,6.0
7016,5.6
20741,7.4
23298,7.5
2113,6.1
12161,6.1
24731,5.9
13263,7.3
16632,6.9
16531,4.8
7637,6.7
12569,6.8
5283,5.9
21596,6.7
16630,6.8
26443,5.7
20417,7.0
5822,6.2
22449,6.7
5216,6.8
21224,6.8
27874,5.9
20303,6.8
27116,7.1
3881,6.2
14500,6.8
28539,6.2
5120,7.6
1334,5.2
16154,6.3
9662,7.0
9089,8.0
16040,6.2
12204,6.3
22943,6.6
3012,7.5
24971,6.4
24710,6.0
7772,6.1
23167,6.6
1255,6.6
25880,6.5
3765,7.0
20497,8.2
22452,7.2
17819,6.7
19421,8.2
22975,5.5
22803,6.9
21118,6.9
25349,6.0
11561,8.2
2527,7.7
24417,8.0
25974,5.8
19911,6.3
12702,6.9
18863,5.8
2608,5.8
1959,6.7
23510,6.3
28495,5.5
23030,7.7
5650,7.1
7189,7.5
26531,6.4
2960,5.7
21682,5.8
26152,6.6
7470,8.1
6210,7.1
3193,6.5
28790,6.3
8257,7.2
29043,6.4
6787,6.2
10565,6.8
207,6.6
26450,6.7
7774,7.4
8697,6.7
19117,6.8
17670,5.3
10630,5.3
4070,6.1
10838,5.8
15218,6.1
19041,6.9
21576,7.3
20907,6.7
7873,6.6
22567,7.0
28778,7.7
16873,7.2
23595,6.7
8273,7.7
13064,8.0
3668,5.6
15937,6.6
15584,7.6
25073,5.8
22838,6.8
24957,4.5
27171,6.7
28048,6.3
19849,7.4
8079,7.0
23861,6.4
761,7.0
28262,5.7
15251,6.0
14955,6.7
17277,6.3
1620,7.2
17457,6.8
8912,7.3
7946,7.8
14501,6.4
4007,5.7
16403,5.3
13628,6.9
26003,5.6
5840,6.2
6663,8.1
8940,6.9
22023,7.5
2401,7.9
11852,6.4
16549,5.0
23156,6.3
5504,6.8
22883,6.7
1960,7.2
8913,7.2
21947,6.3
1317,6.3
26966,6.8
2337,6.7
20157,6.9
764,6.8
11726,7.0
16546,6.9
9426,6.2
7297,6.8
12061,6.8
18718,6.3
27747,6.4
16329,5.5
2610,5.8
11644,6.8
7074,8.0
16846,7.1
24862,6.4
3224,6.2
12339,7.4
5204,6.0
11593,5.6
353,7.6
19707,5.7
15796,6.6
19844,6.9
10457,6.7
21822,5.9
5347,5.7
7995,7.4
3702,7.6
27474,7.8
20636,7.4
10514,7.2
22038,6.2
18137,6.3
23080,7.0
20666,6.6
5581,6.7
21497,6.7
17932,7.1
20837,6.8
4039,7.5
11860,6.6
21212,6.2
19598,7.7
26464,6.9
7773,7.9
21602,7.1
12899,6.9
15553,6.2
26102,7.6
13613,5.8
27159,6.1
4375,6.2
2744,5.7
23899,4.8
9932,6.6
22997,7.3
26509,7.7
18959,6.1
14914,6.7
11507,6.3
28657,8.0
10818,7.7
8626,6.4
15031,5.6
19550,7.4
23004,6.6
21213,6.3
24114,5.8
19758,6.0
24697,6.4
10424,7.1
2224,7.9
588,6.7
7864,6.9
22032,6.3
1581,5.7
21803,5.7
1945,7.9
23016,7.4
28324,6.3
25473,6.9
28716,6.7
29079,6.1
18462,6.2
9298,6.0
26058,6.1
12562,6.2
21138,6.7
7904,7.3
25127,6.7
2929,6.6
4421,6.3
5282,6.8
19440,7.1
3084,6.9
24925,5.9
8961,6.5
8698,6.0
1850,6.4
6694,6.2
11449,7.0
7799,6.9
6721,7.2
2705,6.6
5643,7.2
4033,5.4
8892,6.5
1540,7.1
10806,5.5
12509,6.7
8420,5.3
18689,5.5
27705,7.2
16733,5.9
17326,7.0
20338,6.8
19123,8.0
16982,5.8
3524,7.0
984,7.2
19910,6.4
9778,7.0
17974,7.0
25694,6.3
16174,6.4
9021,7.1
10358,7.1
14037,5.7
11114,6.2
24108,6.8
15806,5.6
19204,6.6
6832,6.2
12483,5.8
3173,6.9
1228,4.8
9349,6.0
5856,6.2
26907,6.3
4125,7.4
21083,7.6
24605,7.6
18179,6.9
25395,6.5
2662,8.3
25967,6.2
25963,7.5
23225,7.2
28281,6.8
17781,6.9
2879,6.8
14414,6.7
12691,7.0
24537,6.8
23192,7.7
17267,6.2
9827,7.6
17081,6.6
4145,8.3
15990,6.8
10143,5.8
14018,6.5
11527,5.5
3129,7.0
979,7.8
21407,6.1
5342,6.1
26927,6.8
19709,7.4
8531,6.7
14676,6.9
4529,6.7
27412,5.9
3405,6.1
27166,7.3
10935,6.0
27321,7.5
28804,5.4
9839,7.6
7434,7.2
6706,7.9
8289,6.5
27080,5.8
4512,5.5
27959,8.1
6341,7.7
24688,6.9
13887,6.8
27644,5.4
2965,6.9
27406,7.1
16662,5.9
12591,7.2
14867,6.5
12205,7.4
570,6.9
1641,7.1
17141,7.3
29158,6.2
5252,5.9
23060,5.9
7569,7.6
20858,6.9
9176,7.4
23166,6.0
6230,8.0
832,6.4
25067,6.3
14182,6.9
3896,5.8
10892,6.7
21501,6.5
21026,6.5
19281,6.2
1054,5.6
4211,7.6
3105,7.0
17037,7.5
9569,6.6
27621,6.2
15906,7.0
17459,5.2
18372,7.4
4710,6.1
6934,4.9
1172,6.4
21394,6.4
15588,6.7
18200,7.7
24813,7.8
16416,6.7
28159,7.5
6343,6.3
24575,5.8
3587,5.2
25185,6.8
14511,5.9
5923,6.2
23288,7.6
4587,7.0
27515,7.4
24938,6.2
13620,7.6
2,5.3
15396,6.5
5125,6.1
18310,7.1
21507,6.4
3007,6.6
841,6.0
23056,6.5
6734,6.4
14772,6.7
27670,5.6
599,7.8
18948,5.9
17982,6.5
28294,6.9
11751,6.9
4485,4.7
22500,7.3
21234,6.3
26107,6.6
9587,6.1
27822,5.5
3240,7.2
27352,6.0
9917,5.7
3452,8.6
10589,5.3
6798,6.6
25914,5.8
17985,6.6
12693,7.3
25909,6.2
3737,5.8
17895,6.0
19023,7.2
6544,5.9
14098,7.4
5243,6.9
19433,7.5
2444,5.2
12170,6.5
17482,6.4
12325,5.9
9511,7.0
27543,7.0
14213,6.5
9844,6.8
17224,5.1
20386,6.7
12723,5.7
11249,5.8
5574,6.4
26061,5.9
27882,6.5
2655,7.5
2701,6.2
10790,7.4
7043,6.9
885,5.4
11102,8.0
29009,6.8
14447,5.8
9853,5.9
425,5.7
609,7.0
25405,6.8
23379,5.7
14413,6.3
15265,5.8
28290,6.2
13451,5.7
7510,7.2
6905,6.5
5406,8.0
9863,6.1
3658,7.7
23171,6.3
27883,6.4
19546,6.9
23455,6.7
19235,7.1
24737,5.6
23361,7.2
27247,5.8
27514,6.9
4692,6.0
12993,7.0
25497,7.4
27699,5.8
9517,7.3
27173,5.7
1719,6.5
21136,6.7
10100,6.7
14776,6.9
23980,6.1
18150,6.2
1110,7.7
29024,6.6
22017,6.4
8619,5.2
9313,8.0
27368,6.1
26510,7.4
17379,5.8
6520,6.9
1996,6.2
5800,6.0
12488,6.7
380,6.5
587,6.2
20130,5.8
25644,5.6
20854,7.0
1544,6.0
2844,7.0
9256,6.9
14059,6.8
10646,7.0
20657,5.2
7206,7.0
17386,7.8
11286,7.1
5561,6.0
17562,5.5
14542,7.2
7813,5.3
26347,7.2
16165,7.0
8579,6.1
5082,5.0
10410,6.5
6407,6.8
21108,7.7
26354,6.2
3370,6.0
22538,6.3
21641,6.3
8087,5.4
1632,7.1
28789,6.4
21051,7.7
20928,5.9
16269,6.1
21354,5.3
6235,7.0
15342,7.0
28832,7.4
14073,7.7
28858,6.9
22845,6.3
2065,7.2
1539,6.9
6795,6.9
15831,6.1
25503,6.1
9189,5.5
1153,5.9
25605,5.7
15778,6.5
9161,7.6
21093,7.0
23553,6.6
4667,6.9
4961,6.4
3107,6.4
8638,5.4
1004,6.6
10829,6.9
4412,6.6
25907,6.2
13227,7.0
18146,6.5
13813,6.0
18807,6.0
11025,5.2
22451,7.0
19155,5.9
27373,6.1
18710,7.4
14954,6.7
25627,6.2
24805,6.2
22089,6.3
29049,6.3
2847,7.2
16877,7.4
22010,7.1
16861,6.7
591,6.2
16712,5.2
18149,6.5
9763,7.2
2172,7.5
709,7.1
25847,6.8
13548,8.1
15087,6.9
7800,6.7
21294,5.5
7547,6.5
6581,7.2
24638,6.7
9024,6.0
10887,6.8
17208,6.8
25400,6.8
25701,6.3
28369,6.4
2746,5.3
19144,6.8
960,7.6
4113,6.4
23245,5.9
23908,6.8
26823,6.8
17200,5.4
7010,6.1
1980,6.4
25801,5.5
12335,7.3
23816,5.5
26261,6.9
4174,7.4
15371,6.3
16452,6.9
29222,6.9
1548,6.8
18097,6.6
21085,7.4
4582,6.1
8468,7.8
26824,6.2
26562,5.8
20964,7.1
21689,6.7
26079,6.7
3940,6.7
23350,6.8
17848,8.4
27997,7.2
10078,7.7
28072,7.0
25733,7.4
26270,7.1
24918,6.9
28814,6.2
24129,5.7
27342,6.6
17961,5.5
23643,6.6
5246,7.0
14780,6.8
26893,6.5
13326,8.0
11307,6.7
12343,7.1
28666,5.3
16854,7.4
20817,7.4
4755,8.8
24811,6.1
21292,6.4
12261,6.5
21905,7.3
14089,6.7
3964,7.5
24615,6.0
14179,6.6
26427,6.5
18648,5.8
7903,7.2
799,6.2
18447,6.1
9151,6.6
5938,6.6
23589,7.6
9251,8.1
22558,7.3
1912,8.0
26493,5.3
951,5.5
15244,6.9
2766,6.4
18348,5.9
5637,6.8
26925,6.9
27945,5.7
9257,4.1
10554,7.1
17297,6.3
3355,6.0
17033,7.7
20329,5.3
7655,6.7
10461,7.2
14762,7.6
16061,6.2
13643,7.4
21020,5.3
23236,6.7
11073,6.3
5337,7.3
25205,6.2
9694,5.7
15413,6.5
4067,6.8
18535,6.8
26335,6.9
21729,6.3
8336,7.4
13993,6.2
3017,7.2
12661,7.5
22957,6.6
16470,6.5
12279,7.1
13471,6.5
644,7.6
4780,7.0
22990,5.3
15672,7.4
28287,6.3
23523,8.3
13280,7.1
28429,6.1
8033,6.2
20941,7.7
6150,7.2
1402,4.9
11306,6.7
15645,6.2
11770,6.1
2038,4.5
24566,5.8
3514,6.8
8314,7.7
22961,6.0
9119,7.0
11511,5.7
4260,5.1
3830,6.6
10253,6.7
28232,7.5
15614,8.2
21485,6.5
23038,6.5
17925,5.4
18156,6.8
12079,5.0
781,6.9
12686,6.5
5197,8.1
12177,7.3
26949,5.8
24677,6.4
28412,6.8
3925,6.8
21100,6.0
8255,6.6
9686,6.8
25193,5.8
26957,7.8
28499,6.5
14741,6.4
27290,6.8
21459,6.6
20055,6.6
12906,6.1
8772,6.5
23770,5.9
3928,5.9
2470,6.0
4817,7.0
27695,5.9
789,6.2
8469,7.0
24639,6.1
9714,7.1
19774,7.0
4230,5.0
6583,6.9
7002,6.4
22116,6.6
25590,6.9
13344,6.7
26976,6.3
16286,6.9
20927,6.6
27337,6.3
15243,6.6
8941,5.6
7787,6.9
28926,6.8
8727,6.6
28719,6.1
7941,5.2
5426,6.3
26318,6.5
13426,6.7
4453,7.6
9483,5.4
20549,7.1
11370,7.1
25443,6.9
26885,7.0
21727,6.6
14806,6.5
22018,6.4
16178,5.3
7554,7.3
23672,6.9
4798,5.8
160,7.3
20511,6.0
2049,6.3
23359,5.5
11683,7.0
16373,6.1
19115,6.3
6563,7.7
28576,6.7
6425,6.5
23968,6.6
15378,6.2
15381,7.2
24602,5.1
23343,7.5
5387,6.0
3748,6.2
22223,6.5
27715,6.4
13868,6.3
2426,6.3
19120,8.0
20407,6.6
13365,6.6
28541,6.1
11617,6.3
7866,6.3
16125,7.1
16182,6.2
8351,5.3
4021,7.3
19920,6.6
9156,6.5
13094,8.0
24061,6.9
23895,7.3
25009,6.6
7592,6.4
6488,7.7
6117,5.7
19998,8.0
1442,5.9
4642,7.1
27344,7.2
7198,5.4
20590,6.1
911,5.8
15403,6.6
10706,6.6
26715,6.2
25688,6.9
15966,7.1
24752,6.6
22586,6.1
23320,7.4
25010,6.7
16067,5.8
24342,6.5
13387,7.4
20488,8.1
18223,6.6
20210,5.9
27905,6.1
5127,6.1
11742,7.4
23168,6.5
3985,6.7
20223,7.6
15526,5.9
11601,7.4
22263,6.6
5132,6.0
16698,6.0
410,7.3
18275,6.4
6897,7.8
16570,7.8
7111,6.3
27447,6.3
23631,6.5
656,8.1
27736,6.0
17546,6.0
15268,7.2
5074,7.1
18425,7.6
23346,6.0
6834,7.4
15073,6.7
25840,6.4
25601,6.0
18281,5.6
21827,6.9
25350,5.7
25260,6.6
5749,7.2
5697,7.9
22837,5.7
17257,5.8
5033,5.5
15443,7.1
3305,6.7
16966,7.1
18716,6.3
24775,6.7
15664,7.4
14619,7.2
28829,7.1
24673,6.2
16471,6.6
1435,8.0
24702,6.7
6372,6.4
3750,6.9
23289,6.3
22930,7.7
11149,7.2
1267,6.7
10452,6.8
8581,6.5
28357,7.7
8591,6.6
21547,7.0
7199,5.5
14698,6.6
17933,6.2
10075,7.2
4037,6.4
14323,7.2
1436,7.9
11123,8.5
8410,5.9
14846,6.4
11656,7.3
3779,6.4
19662,6.3
10789,7.5
22668,6.4
24152,6.8
28198,6.8
14707,6.3
6695,7.6
23741,6.7
27061,7.1
16836,7.7
26540,6.2
26786,6.3
394,7.3
13131,6.6
5924,5.6
24869,6.1
12430,6.5
19397,6.9
29055,6.9
16216,6.1
18389,6.5
15483,7.0
22894,6.9
12419,7.0
13287,6.8
24664,6.0
26617,6.4
26887,7.1
20174,6.6
6703,6.9
9286,6.2
27486,5.6
16363,6.8
10911,6.2
6413,8.6
552,6.4
20720,6.2
15384,5.9
28449,7.4
9367,6.4
2086,6.2
153,6.6
21661,6.8
20753,6.9
17409,6.8
29018,7.1
7139,5.5
5165,7.9
27931,6.1
23669,7.6
2259,7.9
26915,6.6
14941,6.2
12326,5.9
26401,6.8
24823,6.3
21989,5.2
6927,7.3
10420,6.6
28348,6.1
12931,6.0
18255,4.0
28967,7.2
5071,6.2
7537,7.7
15813,5.5
1301,7.5
14550,6.3
561,7.6
14104,7.8
20088,5.4
25849,6.1
19745,8.1
12016,5.2
1389,7.8
20947,5.8
14206,6.2
19070,5.8
26884,6.5
21019,6.2
15930,6.6
25802,5.3
24977,7.3
3724,5.0
3875,7.2
12148,6.4
1042,7.0
6436,6.3
3470,6.9
27694,6.2
21283,6.9
23916,7.7
4682,6.5
3722,6.0
26077,6.4
14280,6.8
8451,6.0
11423,7.2
17991,8.3
23515,6.5
11014,6.6
19006,6.8
27837,6.0
7961,4.1
43,7.2
8684,5.4
12669,6.7
25761,7.0
5792,6.9
28613,5.5
26416,7.1
23673,6.3
5469,7.0
28949,5.7
13386,7.4
28607,6.3
13770,5.9
14688,7.0
23139,5.8
10972,6.2
18147,6.3
19717,7.0
27243,7.0
14541,6.2
16805,6.1
14369,6.5
27395,6.0
7519,6.7
11623,6.5
5870,6.0
15153,7.4
20792,8.0
7285,6.1
11234,8.1
2341,7.4
25696,6.6
15955,5.6
12436,6.4
11013,6.6
24939,5.8
11506,7.4
25542,8.0
24822,6.8
24169,5.7
1231,4.8
13791,5.9
28909,6.6
6271,7.0
23801,5.4
17621,6.6
6818,9.0
6559,7.1
20331,6.4
10638,7.0
2956,6.5
27625,7.4
15392,6.9
14273,5.4
15363,6.2
16505,6.4
26685,5.7
8210,6.9
7182,7.6
13159,6.1
24985,6.0
20070,6.7
21751,5.9
19084,6.1
24501,6.6
4699,8.0
17907,7.0
12235,7.4
24978,6.5
27390,6.9
784,7.0
19476,6.3
7627,7.4
11336,7.4
16199,7.7
10323,6.1
26459,6.7
4661,7.3
23905,6.8
26805,6.8
21633,6.4
6762,4.8
27019,5.9
16028,6.6
17423,6.9
20526,6.9
5698,6.6
2690,5.9
21770,6.2
26606,6.9
324,8.2
24814,7.0
9854,7.3
19393,6.5
25855,6.3
5879,7.4
10837,8.0
23092,7.2
1233,7.3
2853,6.2
22790,3.9
6332,7.4
27203,6.2
2941,5.8
461,6.1
14358,7.2
12181,6.3
25864,7.8
6552,6.2
19007,6.9
27326,6.2
7173,8.2
24747,8.1
8845,6.0
16398,6.7
16428,6.0
16559,6.1
11868,6.5
9307,7.2
25233,6.1
2479,7.4
27624,6.7
21917,6.5
8693,4.4
16957,4.9
2598,6.6
22303,4.5
27940,6.2
5973,6.8
14374,6.9
14694,7.2
14191,8.0
26791,6.1
22601,7.0
8445,6.2
10249,6.8
23513,6.3
2100,7.7
24785,5.0
4568,7.1
11418,6.6
24269,7.1
16781,7.3
19876,7.1
812,6.7
19973,6.2
29002,6.2
10530,7.9
6901,7.6
3046,7.2
27259,8.3
9807,7.3
12985,6.7
27885,6.2
28390,6.9
3385,5.8
18980,6.3
9400,5.2
18651,6.1
10510,7.2
20914,6.9
17321,7.4
2179,6.9
11684,6.2
1769,7.6
2272,5.7
17265,7.3
912,6.1
8065,6.4
15676,4.4
20688,6.2
24271,5.5
19321,6.3
20534,7.5
14061,6.3
9914,6.8
9323,8.2
20271,7.1
2962,6.8
9033,6.9
27138,6.4
1230,4.8
9293,7.5
12437,5.7
16558,6.1
14687,6.9
3510,4.3
23215,6.7
1276,6.9
6633,6.3
27298,6.5
28163,7.4
22514,5.3
2338,6.5
11466,6.8
2603,7.3
14074,6.6
2551,6.8
21372,6.9
13851,6.6
9814,5.1
10597,6.3
26822,6.3
6267,6.8
4309,5.8
18658,6.9
24698,6.0
11158,5.4
10259,6.9
5471,5.7
14125,6.3
17674,5.8
10107,5.7
11442,8.1
28085,7.4
23694,6.4
8272,5.9
19373,6.4
21210,7.8
24111,6.3
22760,6.0
15968,5.7
1136,7.0
9368,6.0
363,7.7
25771,6.7
1380,6.8
19726,6.5
892,6.1
21539,7.1
10142,7.6
21165,6.2
20744,6.8
23233,7.0
16648,7.6
15264,5.8
9242,5.5
4240,6.3
19556,5.1
8614,6.2
21990,6.4
25355,6.4
9772,7.0
19929,5.6
3615,8.1
15785,5.7
27536,5.6
24794,6.4
536,7.7
6049,7.7
15459,7.4
6558,7.6
23881,6.6
26633,6.6
21789,6.1
22179,6.5
6408,6.3
4086,6.0
861,5.6
16680,7.5
603,7.3
5141,6.8
8789,5.9
22407,7.0
11284,6.2
4111,5.7
27454,6.6
14522,5.8
18220,6.2
2517,6.2
9903,6.6
19182,7.6
1489,7.7
22824,6.1
7991,5.5
24913,6.3
13057,6.7
10062,6.6
12380,6.6
539,6.8
24568,4.9
9752,7.9
13879,6.1
19570,6.1
17766,6.8
6746,6.1
26448,7.4
15488,6.6
22979,7.0
14342,6.1
22589,5.2
21154,7.8
5250,6.4
18059,8.5
9476,7.2
18187,7.3
9661,6.4
25234,6.0
17237,7.3
21930,6.2
27117,6.7
24604,6.7
28918,6.1
28077,7.6
27851,6.6
24969,5.6
2466,6.9
8716,6.4
18003,6.3
5786,6.7
6014,6.7
27726,7.1
22733,5.0
1431,7.2
28734,6.7
1498,6.9
18269,6.8
14521,5.5
18244,7.1
4393,5.8
18551,6.9
15197,7.7
15834,6.6
21597,5.9
2220,7.2
27038,5.5
3701,7.1
18353,6.4
14009,6.5
8598,6.2
5677,6.9
8261,7.2
3031,6.8
4856,5.4
6080,5.9
29072,7.2
27128,7.7
19450,5.8
15032,6.1
15428,5.6
16227,6.2
24229,6.5
17883,6.2
3798,7.0
19083,6.2
12728,5.8
20191,7.5
10506,7.7
505,7.9
28860,5.8
8017,7.3
8238,7.3
6796,6.6
8280,7.0
12245,8.5
24,5.6
27803,6.2
5431,7.1
26307,6.9
1640,6.9
12367,7.0
2657,6.7
7553,5.9
28925,6.4
6239,8.8
22002,7.2
20141,6.4
5814,6.7
28306,6.0
9819,5.8
7093,6.5
14559,7.4
9893,7.3
28591,6.8
13311,6.5
25860,5.5
21097,7.2
9310,7.6
6557,6.7
8345,6.5
4065,5.4
9818,7.7
2917,6.8
18005,6.3
11311,6.9
2206,6.7
4005,5.9
26783,5.1
6432,6.9
2863,6.1
4030,7.2
13788,6.3
3311,6.6
2988,7.1
23870,6.1
22447,5.6
429,7.5
11532,6.4
27397,7.0
23526,7.1
28140,7.0
14379,5.7
27026,6.3
12647,7.5
19847,7.1
26814,6.7
24462,5.6
9563,8.9
18924,5.1
12309,5.7
28923,5.3
1938,5.9
2928,6.9
11793,7.0
4993,7.2
10778,6.7
20038,6.3
16842,7.9
6580,6.0
19509,6.8
3684,5.9
9817,5.1
26165,6.4
5579,7.2
8194,6.1
23145,5.1
17488,7.1
7591,5.9
20117,7.5
22052,6.7
14017,5.8
12662,6.5
27299,6.5
6499,7.8
1288,6.4
25377,6.5
22463,6.7
22123,6.9
20282,7.0
2692,5.7
7100,5.8
26278,6.3
6303,7.6
18930,6.0
16777,6.0
2712,8.2
21487,7.3
27346,6.3
16893,7.0
20782,5.0
22020,7.1
14429,8.5
3164,7.6
18650,6.0
21495,6.9
12526,6.8
18529,7.7
24594,5.5
15000,6.6
16017,6.2
17539,7.4
11305,6.9
20049,6.5
28907,5.9
5715,7.9
21760,6.7
25017,6.1
6247,7.2
29112,6.5
5061,5.6
21845,6.0
1182,7.9
4715,7.5
22307,6.8
6008,6.2
19130,6.4
21489,6.8
11273,6.4
13511,5.9
7558,6.5
11067,6.8
4182,6.3
12429,6.3
4739,6.3
2600,1.9
9897,6.2
2425,6.1
22400,6.1
3502,6.2
17909,7.5
9583,6.4
6461,6.5
20652,7.1
16478,7.6
22656,7.2
4962,6.5
9137,7.0
17824,6.7
9222,7.9
16697,6.7
19988,5.5
28955,6.5
783,6.4
3854,7.1
27708,6.1
19668,6.0
1928,7.5
16391,7.1
21031,6.2
22707,6.8
21171,8.4
24593,6.8
26332,6.7
8654,5.8
111,6.2
10817,7.9
16188,7.4
8185,6.1
13590,7.3
23879,6.2
21817,6.8
21795,8.0
6974,5.9
19492,6.9
12810,6.4
21084,6.0
24885,6.4
13043,7.7
1702,4.5
14186,6.0
28881,6.3
21717,5.3
22836,5.7
25296,6.4
23924,7.3
23724,6.8
22191,8.0
13190,6.2
26139,6.6
1664,6.0
9536,6.2
18160,7.2
15608,6.6
14110,7.0
19185,7.0
24709,5.5
24207,6.3
2731,6.2
26916,5.8
20348,7.0
6881,6.3
24584,6.1
24601,7.7
25288,6.1
19683,7.4
13210,7.0
21098,7.0
6214,6.9
4473,7.5
14721,5.5
1137,6.7
14856,6.4
26611,6.2
26843,6.5
18966,6.2
11708,6.8
19418,7.0
26050,6.0
28837,6.5
14792,7.5
13068,5.6
6607,7.3
24490,7.0
18405,7.5
26956,6.3
23221,6.5
8993,7.2
2173,7.1
26441,6.3
21598,6.9
8586,5.6
16063,6.3
17687,7.5
2046,7.2
14102,6.2
13335,6.9
18541,6.4
952,6.9
18173,7.6
9699,6.0
16137,5.7
15019,6.4
25998,6.6
19400,6.5
17846,6.1
19488,7.6
992,6.1
8388,7.5
145,6.9
10615,6.3
1090,7.0
5824,6.2
26420,7.7
18066,6.4
18076,6.9
431,6.8
5642,6.7
15070,6.2
13171,6.8
19109,7.0
26389,6.9
1465,7.0
4437,6.2
1865,6.9
16075,5.9
26341,7.2
3923,6.8
20775,7.3
19151,6.5
10153,6.8
4774,5.8
11040,6.9
22831,4.8
3372,6.7
24900,6.5
1919,5.6
9892,5.8
11989,6.9
833,6.7
27194,6.2
22409,6.9
27457,6.9
20806,6.5
18663,6.3
23668,5.4
11963,5.7
9047,7.2
8082,6.0
6282,6.7
9050,7.3
24847,6.1
18614,7.3
12594,7.5
3466,7.3
6186,6.0
8484,5.8
3950,6.7
16711,5.8
17983,7.1
15266,7.5
4275,6.8
20838,6.5
21465,6.6
20,7.2
4605,5.6
18984,7.6
27671,7.1
11873,7.0
11119,7.4
6295,7.1
21614,6.3
28393,6.7
2062,6.2
24708,7.1
6656,6.2
13164,5.5
23664,6.5
27810,6.5
6426,7.2
24168,7.9
28570,6.6
24081,6.7
20812,6.6
13980,6.7
9435,7.4
9482,6.2
15782,7.3
9544,6.1
6009,7.3
8480,6.5
13151,7.5
2945,6.2
13339,5.5
26512,6.4
3080,6.3
2420,7.8
8235,3.8
4435,7.5
23628,6.1
2248,5.8
21143,6.0
14520,6.2
5218,6.6
16795,7.1
25245,7.7
22973,7.5
17410,6.9
12982,6.5
1693,8.2
23410,6.1
21431,7.4
2572,5.8
11859,7.0
27875,6.1
7709,6.5
4286,7.0
4414,6.6
20679,7.1
25528,6.9
10403,6.8
10808,7.1
10061,6.5
1874,8.7
19753,6.1
27018,6.4
20624,5.7
25567,6.8
3149,7.2
22253,6.0
2218,6.0
24312,6.1
26511,6.2
15769,7.8
879,7.5
25078,7.2
5714,5.6
10380,6.7
22798,6.2
5580,6.9
220,6.7
893,6.8
15531,7.2
1951,7.3
1625,6.6
22101,6.7
4779,7.2
14589,7.0
29108,6.5
26089,6.2
21053,7.0
28900,7.2
24028,6.4
24937,6.9
27975,5.6
5629,6.5
3731,7.2
23087,6.8
18297,6.6
2719,7.6
8492,8.0
3522,7.2
12821,6.2
26362,6.0
28764,6.4
24232,6.7
16672,6.2
16171,7.1
6638,7.2
4334,6.4
17005,7.2
8040,7.1
4893,6.0
21693,6.5
28526,6.8
21494,6.4
3542,6.5
27976,5.7
1521,7.5
25526,7.0
1393,6.4
6333,5.9
25792,7.4
4480,6.7
19571,6.2
26239,6.4
4888,7.2
17046,6.5
3198,6.3
24138,5.0
9091,6.6
28700,6.0
328,7.7
5190,6.3
15745,6.0
3415,6.7
19894,6.4
20368,6.6
4298,7.0
914,7.5
4354,4.2
17162,6.6
26406,5.6
23116,5.6
28516,6.6
21510,6.1
17314,6.3
18543,7.3
318,7.8
28914,5.6
14768,6.3
26141,5.8
5035,7.2
27855,6.6
4705,7.4
26504,7.3
23529,6.4
27280,6.4
13491,6.3
18148,5.5
26498,5.8
27818,6.8
24777,6.9
12479,6.6
12792,6.1
441,7.6
795,6.4
28859,4.9
12421,6.8
25999,7.0
6345,7.0
6447,7.1
20438,7.1
17031,5.7
12757,7.1
12684,7.9
28891,6.3
27448,5.5
17888,6.4
24695,5.8
28211,6.4
29120,6.3
24153,6.9
28644,6.4
27956,6.1
15112,6.0
28584,5.2
22022,7.3
14890,6.7
28260,6.5
17266,6.5
23423,6.9
24567,8.6
26449,7.3
27853,7.3
23027,6.6
17072,5.4
19399,6.5
23824,6.7
13392,5.8
29030,7.7
18305,5.8
16247,5.8
24216,6.7
21152,6.1
1549,7.6
551,6.5
24670,6.4
7767,5.6
21855,5.8
14920,6.4
2520,7.0
22607,7.0
28671,6.9
16969,6.6
20126,6.6
4823,5.8
21685,6.5
20342,6.2
27825,6.4
15559,6.5
8340,6.2
14106,6.9
23287,6.0
22327,6.4
23496,7.2
13516,4.0
11082,6.5
20398,6.3
13323,6.8
21858,6.0
19513,5.6
18653,6.4
11110,7.2
9852,6.8
4200,7.3
28618,7.6
18327,6.2
21815,7.8
26034,6.7
21820,6.4
13895,6.5
29073,7.0
4843,7.6
19177,6.4
27759,6.8
6417,7.4
2755,6.5
12015,5.3
26673,6.9
1368,7.1
6353,6.2
23699,7.6
28874,6.5
24718,5.4
22993,7.3
5140,6.8
27797,6.2
8521,4.6
27122,6.9
18717,6.3
12739,7.0
23256,7.4
21364,6.8
2309,6.3
26455,6.0
7890,7.3
12957,6.3
22903,6.0
11129,7.2
6906,6.5
22792,7.3
25534,4.9
9562,7.0
26937,5.6
7657,6.9
22166,7.6
16724,6.3
23067,6.8
21771,6.3
16739,6.7
27597,6.3
26182,6.6
21220,6.2
23690,6.8
28968,6.4
26632,7.2
12448,6.5
23578,7.1
9935,5.7
16029,6.7
9649,6.0
7947,7.3
27498,6.5
19506,6.0
22717,6.2
23943,6.8
10052,6.3
28523,6.5
16706,5.6
14495,6.5
14230,7.6
21280,6.0
2997,6.4
15221,6.2
26128,7.5
5512,6.1
7793,6.5
13776,8.2
1925,6.5
958,5.8
15771,7.8
28889,6.4
20563,7.5
17869,6.8
27934,5.7
16851,6.1
22847,6.9
28408,7.1
16663,7.1
26363,7.1
22377,5.9
1274,7.2
28424,6.6
9463,7.3
12481,6.8
11075,5.8
21862,7.5
1060,7.0
26025,6.3
26309,5.3
592,5.6
12092,8.0
10909,7.5
29148,7.8
20924,4.4
2295,7.6
13524,7.0
20687,6.5
7792,6.0
823,7.4
17041,6.6
21759,6.3
20291,7.7
553,6.4
16752,7.0
14490,7.7
2347,6.1
17064,7.7
23444,7.0
16207,5.6
26419,5.4
15842,5.8
14811,6.8
6060,8.1
11140,6.3
21635,5.9
27965,6.3
27478,5.6
9354,6.8
10767,4.9
12668,6.4
8404,6.4
6058,6.6
16221,7.2
28008,6.7
7676,7.2
7346,6.6
12838,6.5
13739,7.0
10617,6.7
6219,6.7
15478,5.2
17816,6.7
13880,6.9
27760,5.9
14699,7.2
16910,5.9
22734,7.5
3172,7.2
28078,6.1
21604,6.2
12850,7.9
21567,7.0
23913,7.0
356,6.9
26240,6.5
28641,5.9
18695,7.4
21190,6.2
4915,5.6
3911,7.5
25218,5.2
11141,6.5
3102,6.0
28490,5.9
20272,8.1
7130,7.1
25583,5.8
244,5.7
11419,7.2
5662,6.2
986,7.3
25787,5.6
1561,7.6
18814,7.4
24303,6.0
10470,7.3
14334,6.7
7625,6.9
28296,6.0
12689,5.8
23715,6.2
13033,6.9
20868,4.2
21370,7.5
11230,5.6
15748,8.2
5161,6.9
15926,6.4
24313,7.2
28381,6.0
24689,5.2
5498,6.1
5999,6.1
22688,5.8
14533,6.2
20472,5.3
9425,6.4
21697,5.5
17960,6.1
10490,8.2
15284,6.9
17665,6.3
12376,6.3
14039,6.7
8968,6.6
10933,6.6
1536,5.3
21244,7.1
10154,7.5
5434,7.6
29134,6.9
16427,6.1
26321,6.0
24870,5.8
12532,6.2
18527,6.0
17000,7.8
16387,6.1
19772,6.5
25036,6.2
16785,7.0
13465,5.5
5519,5.8
24293,6.3
25795,6.3
28689,6.0
27172,7.1
27917,7.7
5481,6.1
9743,4.9
13842,7.0
9688,7.6
21405,6.1
17195,7.4
8240,5.8
11173,6.6
25059,6.9
18561,7.3
26185,7.2
21119,6.0
10810,7.3
20860,7.9
25781,6.3
24743,6.0
24142,7.1
5586,7.3
17604,6.3
23698,6.0
1902,7.1
16299,7.7
18002,6.5
14781,5.9
12187,5.7
9767,6.4
1350,6.8
5158,6.6
5024,5.1
3175,5.6
15425,6.7
19282,7.4
17780,6.9
21047,6.7
15074,7.7
21554,6.4
19951,7.0
20702,6.2
7059,6.1
17849,8.2
23498,7.2
9391,7.6
14348,7.9
15512,8.0
23314,6.8
25558,6.1
26101,6.5
18341,5.9
22190,6.0
24237,7.0
14326,6.2
16683,7.2
24622,5.4
20847,6.4
18724,6.4
4220,7.3
840,6.8
21384,7.3
21415,6.3
26622,7.1
6032,6.2
14115,6.1
158,7.3
28678,6.0
23946,6.6
22891,7.6
23022,6.8
14415,7.7
21945,6.3
16456,8.0
23735,5.6
15853,7.3
27714,5.5
12269,6.6
11918,7.0
17107,7.0
13539,7.0
17799,5.3
19845,6.1
4296,6.2
24806,7.1
18920,6.4
26273,5.8
4826,7.2
2101,6.9
3265,7.4
18816,6.4
13684,5.7
11681,7.6
28462,6.4
21399,6.4
16730,7.4
24880,6.5
21477,5.3
25825,6.9
20300,7.4
26391,6.5
11304,6.9
9948,5.3
10666,7.5
24211,5.7
4602,7.0
2854,6.7
20682,6.0
17401,6.6
28351,7.1
3114,6.5
3234,7.1
28574,5.9
22317,6.4
15476,6.2
11610,5.8
10098,6.6
8450,7.1
5506,6.4
8995,7.6
11298,5.7
19601,7.1
18765,5.4
29147,6.5
27277,6.3
13557,6.8
3800,8.7
23577,7.2
16453,5.0
15759,7.0
16987,7.6
1041,7.7
29096,7.5
29140,5.7
14173,6.7
14049,7.8
18610,6.1
22750,7.4
4258,7.3
27140,6.1
22450,6.6
4101,6.6
559,6.4
2605,7.0
10343,7.4
14761,5.2
18597,7.7
17880,6.4
2637,6.7
1588,6.5
4653,7.8
8064,6.6
22338,6.3
27044,6.8
20910,6.3
1809,6.9
152,6.3
21992,6.5
1035,7.8
14996,5.7
16645,7.0
25994,6.6
14831,7.2
22995,5.6
25784,5.6
18218,6.9
15358,6.8
12979,6.3
17927,7.1
15709,7.0
26188,6.1
1582,7.0
4646,6.5
1842,6.7
23705,7.3
24350,6.8
28594,5.7
15204,7.3
18836,7.0
10811,6.8
26288,6.4
15670,7.4
27999,5.8
5267,6.9
13213,7.3
22870,4.7
19787,7.1
3552,5.7
4580,5.6
24848,5.3
3850,6.5
24369,6.4
16821,6.1
20533,6.1
25184,6.8
28799,7.3
14222,6.8
5576,6.8
7234,5.7
24453,6.6
7742,6.9
26982,6.1
11704,6.8
20813,7.3
8217,6.6
22280,7.1
12049,6.5
20776,7.4
15109,6.8
5223,7.4
23334,6.3
868,6.8
8722,6.3
18268,7.3
270,7.4
1011,7.6
28962,6.4
9816,5.3
18900,7.1
8764,6.6
1700,6.5
5285,6.6
29212,6.8
1812,7.0
23066,6.7
13158,6.5
22588,6.5
23610,6.9
8944,7.4
6428,7.8
6531,8.5
26980,5.9
11223,5.8
22236,6.9
1837,6.7
17901,6.6
11576,6.4
9363,6.8
19935,6.5
17348,6.9
23223,7.2
12474,6.9
28947,7.1
26390,7.9
24115,6.1
11399,5.9
10474,7.4
6111,6.9
10983,5.7
3905,6.7
25419,6.1
10279,5.6
20299,5.4
1655,6.2
13222,5.9
8658,7.4
19619,5.9
15045,6.4
24617,6.4
17384,6.0
3421,7.4
24603,5.2
19529,7.1
23363,7.3
15514,6.6
11718,6.8
14470,7.3
9856,7.2
16048,5.5
10226,5.7
27988,6.9
19252,7.1
6708,6.3
8443,6.2
24198,5.8
24272,6.5
15455,6.6
26400,7.5
3227,5.4
10070,6.7
671,7.6
14592,6.4
17926,7.1
28729,6.8
3269,7.8
20178,6.7
20901,6.9
4406,6.0
24679,6.7
25652,6.1
7630,6.2
17485,6.1
11134,7.0
12059,7.3
12042,8.2
19902,6.3
24761,6.0
9512,7.5
17994,6.8
26103,6.6
18016,6.5
4181,6.3
25738,6.4
2075,6.7
22620,5.9
10191,5.8
13114,5.2
22666,5.9
24121,6.2
29121,6.6
26566,7.6
12738,6.4
10944,7.4
24191,6.7
25384,6.4
28101,6.6
28083,5.9
22483,6.8
16374,5.9
17013,6.4
593,7.2
7810,6.7
4929,6.8
23308,7.5
1343,8.3
18294,6.2
26898,7.1
16275,6.9
27910,6.1
10821,6.1
3139,7.1
18239,6.1
24864,7.0
15137,7.2
10785,7.2
14834,6.6
17355,6.2
20850,7.5
28103,5.9
22058,6.6
7447,7.4
26291,6.0
5487,5.8
18390,7.2
17160,7.7
22053,6.8
17489,7.7
28940,5.7
11018,5.0
4329,6.9
4976,7.2
27324,6.8
18226,7.6
16507,6.5
21276,6.7
14883,7.0
3532,8.0
7733,6.9
23935,7.2
12417,7.5
6183,7.1
10170,6.3
22212,7.5
19968,6.4
25521,6.0
6038,6.3
6020,6.0
16175,6.8
29001,6.3
19729,6.3
3541,6.5
25740,6.3
14324,6.8
12722,5.5
19266,7.1
11157,7.3
17426,7.5
25287,7.2
14577,6.8
1200,8.1
26250,6.7
15281,6.8
18531,6.7
284,6.5
20955,7.4
16090,6.6
4166,7.2
21343,6.4
18785,5.4
5451,6.5
24497,5.4
25283,6.4
4934,7.0
4438,7.1
3430,6.6
24751,5.8
5355,7.8
408,6.6
28785,6.1
17553,7.6
6082,6.8
24285,7.0
6352,6.1
14515,6.7
23085,6.7
5497,6.5
24372,7.2
5011,7.0
23209,6.8
3752,6.9
175,7.9
9598,7.3
14784,7.0
28979,7.2
24983,6.1
16725,7.4
14952,5.7
13292,8.1
2696,6.8
28038,6.7
25052,6.7
8851,3.9
23128,7.9
16600,6.5
23302,7.4
27982,6.2
1828,6.8
11241,6.0
14678,5.3
17302,6.7
1751,6.2
7880,7.6
26032,7.0
17310,7.8
10932,6.5
18448,5.8
24980,6.3
26587,6.2
8625,6.3
25485,4.9
28001,6.2
4549,7.2
9282,7.5
27016,6.8
18444,6.5
7051,6.9
5794,5.7
22713,6.4
8969,6.7
10701,7.5
9040,7.2
27786,6.4
19636,6.4
27068,6.9
28749,6.7
6196,6.9
7257,7.2
27228,7.0
24098,6.4
13540,5.9
19737,5.7
6495,6.6
20835,6.8
18774,6.0
28383,6.3
9480,7.2
5984,5.8
8610,7.3
23048,6.6
25965,6.0
18008,6.9
14279,7.5
26281,6.1
24341,6.6
6922,7.8
18290,6.4
24552,6.5
24559,7.2
21875,6.9
12013,6.6
2353,6.8
6923,6.9
22231,5.8
3318,7.7
1454,7.3
684,7.0
26686,6.5
18713,6.3
10606,7.5
12174,6.8
8994,5.2
16595,7.4
20115,6.4
10612,7.2
4170,5.9
9799,6.9
18440,6.4
8685,6.7
6895,8.3
4253,6.8
19602,7.0
24692,6.5
123,7.7
29082,6.6
27864,5.9
11497,7.1
16407,7.3
19178,5.5
22560,7.0
19540,7.0
3565,6.8
8191,5.5
26868,6.2
8485,7.7
2117,7.2
11259,7.2
17235,7.0
17001,6.8
9187,6.8
8239,7.7
12434,6.7
3679,6.7
869,6.8
19199,5.1
23469,5.6
20169,6.5
24212,6.3
17545,6.2
18599,6.0
9447,7.9
27517,6.9
14773,7.0
17591,7.7
23146,5.1
23009,6.8
27545,7.3
18734,6.4
6050,6.2
25752,5.7
27398,7.1
23850,7.5
13125,7.5
699,6.6
16305,7.3
28888,7.2
9166,8.7
316,5.7
12620,6.4
1213,6.7
7929,6.5
2273,6.2
17481,6.3
11795,5.3
19822,6.2
7219,6.4
3526,6.7
15280,8.0
28487,6.1
12078,6.3
12883,5.9
13200,7.4
21088,6.4
23960,5.6
7305,6.2
18884,5.6
10545,6.7
20162,6.0
18453,7.1
25826,6.2
18429,7.2
28927,6.5
18342,6.3
13968,7.1
12067,7.2
21317,6.7
21941,7.3
13919,6.4
18502,7.6
28444,6.4
2833,7.4
10314,6.1
4413,6.8
12603,7.4
13445,7.0
25103,6.9
20992,6.3
19091,7.0
6051,6.7
11962,6.1
25803,6.2
13907,7.0
28380,7.6
20995,6.3
10795,5.3
27468,6.5
21314,6.4
28376,7.3
26238,6.1
4627,8.3
19140,6.4
8820,6.1
1685,7.2
19314,6.1
20350,4.9
25396,7.5
26328,6.2
23836,4.9
6801,7.1
26535,6.9
23653,7.2
13714,5.1
13737,5.8
14879,6.8
21012,6.2
12519,7.8
8418,7.2
10750,6.1
10159,6.7
2616,5.5
6594,7.2
23962,7.4
10341,6.0
26130,6.4
6838,7.7
19103,5.0
18470,6.9
22934,7.5
2366,6.7
14489,7.6
2314,6.0
20123,7.4
7717,7.4
8680,6.9
25025,6.2
5522,6.2
14895,5.0
12699,7.2
26098,5.9
25097,7.5
29075,6.5
19785,6.7
24614,4.9
4278,7.1
15014,5.2
5257,6.8
12345,6.7
6899,7.0
14133,6.2
14953,6.0
12615,5.9
25956,7.0
22652,6.3
11611,5.6
13761,7.3
29046,5.9
6416,8.0
5718,7.4
5483,5.9
5812,6.8
12313,6.9
16536,5.8
786,6.0
10231,7.1
1077,6.5
22747,7.0
25133,6.8
25495,7.3
20317,7.3
4610,5.3
27915,5.9
25339,7.1
24543,5.9
16524,7.0
21619,6.6
17970,6.7
895,7.6
3747,7.2
29069,6.4
18784,6.3
1731,6.3
1920,6.8
15820,5.9
22235,6.4
24808,6.1
21057,5.0
12272,5.8
1303,6.5
12372,7.6
18112,7.6
17867,7.6
15207,7.5
22892,6.5
6276,6.1
25231,5.1
25221,6.4
1309,6.6
26108,6.9
16937,7.0
25656,5.7
759,7.4
23278,6.6
19436,6.7
1155,6.9
23002,6.6
18792,7.1
10391,6.6
16798,7.1
24324,7.0
8642,6.3
9689,7.5
174,5.0
2083,6.2
28241,6.4
19850,6.2
24780,7.5
25225,7.1
25513,6.1
16257,6.5
23401,6.6
22286,7.4
19638,5.7
138,7.1
28675,6.7
17618,7.2
19485,7.8
14968,6.2
3867,5.1
7220,8.3
1108,8.6
27380,6.2
4657,6.7
26550,6.0
22224,5.7
10550,6.8
15055,6.7
19441,5.4
9353,6.8
7422,6.8
12263,6.1
26732,6.0
14581,6.7
20063,7.2
25003,6.5
10600,7.6
21500,6.4
11207,6.7
18801,6.6
19883,7.1
5348,5.9
11753,7.0
11575,6.3
16390,5.9
20646,7.3
7807,8.0
28758,6.3
5222,7.6
263,6.0
12786,7.1
6147,6.8
2143,7.1
4841,5.8
7964,7.3
3953,6.5
7661,7.9
12230,8.1
10101,6.4
8069,8.0
27980,6.2
15209,7.3
12239,7.9
1134,6.5
12570,6.9
234,6.5
7450,7.4
18164,6.4
23970,7.0
26274,5.7
28042,6.6
28000,5.6
11427,4.8
29219,6.4
4997,7.2
1349,6.8
4428,6.4
14816,6.8
24134,5.9
5151,7.1
10769,5.9
1403,4.9
5946,5.8
15131,6.2
2219,6.5
15305,7.4
27141,6.9
13614,5.7
18802,5.9
107,6.3
20042,7.0
19885,6.4
12009,6.5
27218,6.0
26423,5.7
8461,6.8
8438,6.1
11654,6.2
19255,6.0
26923,5.7
1745,6.7
14599,6.5
23889,6.1
27097,6.6
3720,6.5
15049,7.4
3993,5.3
6019,6.9
1400,7.5
26407,6.9
7878,6.4
1994,6.7
28946,6.2
4366,7.5
25075,6.5
2127,7.1
12813,5.5
19303,7.3
26421,7.8
23000,6.5
16057,8.1
28413,6.5
18671,8.1
3869,6.1
19716,7.9
25168,7.1
15642,6.5
7746,6.9
19924,7.9
7801,6.8
8867,6.1
3131,6.0
3127,8.7
18247,7.7
24753,6.0
18970,7.4
5039,7.4
20509,6.0
12207,7.6
9145,6.3
1660,6.1
23933,6.3
22846,6.7
17182,6.2
20319,6.9
26579,5.9
28060,5.6
21324,5.6
16193,7.1
26069,6.1
20296,7.3
16865,5.9
2751,6.3
17032,6.2
24283,6.2
18396,7.2
1613,5.6
24521,6.4
4647,6.6
8957,7.0
27619,7.3
21804,6.9
10542,5.9
23417,6.5
10120,7.3
24261,5.7
17085,6.7
18237,6.2
18358,7.4
9889,6.9
22556,6.7
22301,6.4
25468,7.1
28039,6.5
6757,6.7
3568,6.9
23479,7.6
16469,6.5
8717,7.1
12472,7.2
7454,6.2
3513,8.5
4614,7.0
22723,7.4
28830,6.6
6680,6.2
19879,4.6
5452,6.9
25537,6.4
17460,5.8
2457,6.4
19960,8.0
18979,7.2
23887,6.6
10553,6.8
21122,6.5
23967,6.5
24904,7.1
29065,6.1
1818,6.0
26453,6.6
26906,6.9
25874,7.0
21135,6.3
24357,6.2
22815,5.6
2477,5.6
3986,6.2
21985,6.6
23243,6.2
5495,6.7
10492,6.7
3629,7.5
5802,7.7
2501,6.1
4238,6.9
4078,6.8
17754,7.6
16642,6.0
3753,7.3
17407,7.1
2181,8.7
14660,7.0
28210,6.4
25953,6.9
872,7.3
16779,8.0
27887,6.0
1254,5.9
10352,7.0
17268,5.8
19593,7.2
14291,6.6
4687,6.8
15470,6.2
3620,5.9
688,6.1
18546,7.4
15554,6.5
11707,6.7
19769,6.9
23947,6.4
5858,6.2
312,5.1
12091,6.6
15083,7.3
11752,6.4
26470,6.1
9382,6.8
17750,7.3
9330,7.7
20561,6.1
6092,6.7
6849,6.1
20617,6.9
16404,7.8
20664,5.8
1915,5.7
4171,7.0
8660,6.2
16638,6.5
5017,7.3
15030,6.6
9438,6.9
26750,6.2
27661,6.0
11469,6.5
18136,5.3
21058,5.6
2604,7.2
11242,5.5
2552,6.9
8542,7.0
9565,6.8
21491,5.9
1921,4.9
11866,6.2
2335,7.5
20577,7.0
20235,6.3
22532,6.1
28950,7.3
19096,7.2
16042,6.8
13259,5.9
23480,7.1
3885,5.4
245,7.2
22448,6.0
9537,8.3
18017,6.6
19577,5.7
17567,6.5
27961,7.2
7105,7.4
28265,7.5
21706,6.9
1490,7.5
23565,6.5
24538,6.8
11038,6.9
6197,6.9
20791,6.1
20186,7.0
20332,7.6
28931,6.6
9538,6.7
18252,6.0
22091,6.6
1997,5.6
13765,7.1
13334,8.0
9228,6.5
4669,7.1
28180,6.2
28263,7.0
21427,6.7
28352,5.1
2926,6.3
14558,7.5
27779,5.2
28209,6.0
6538,7.6
23727,7.2
29167,6.8
9198,6.8
23878,5.5
22100,6.6
11159,5.7
8871,5.5
20975,6.8
27630,5.8
9962,6.8
23023,6.5
14431,7.8
15889,7.3
25746,6.3
21680,5.9
4793,6.7
14870,4.2
28212,5.9
4385,6.2
26100,6.9
13197,6.8
17439,7.1
11413,5.7
12487,6.9
12704,8.2
12683,8.0
14255,6.2
27719,6.6
28643,5.9
16420,6.2
25841,7.4
11239,7.4
9904,6.2
18793,5.7
20520,5.9
29174,6.2
28728,6.3
15195,6.5
13004,6.8
27770,6.8
4936,6.9
24942,7.6
13462,7.0
11976,7.0
22725,6.4
26120,6.4
2344,6.1
22419,7.2
1432,6.7
3655,6.3
9199,6.3
20277,6.8
25960,6.1
9085,5.9
26569,6.6
16274,6.3
5799,6.8
26180,7.0
1125,5.0
11629,7.5
27384,7.2
61,6.8
27717,6.2
25991,6.0
11350,7.5
24339,6.9
15781,5.6
25995,6.2
4691,6.2
21846,7.1
6450,6.9
9864,8.0
12861,5.6
28102,6.4
4907,6.7
20437,6.8
21668,6.6
12154,5.5
7749,7.3
3745,6.9
11627,5.8
22411,6.9
9317,6.2
22204,7.0
26189,7.1
7274,8.0
27633,7.0
4289,6.5
24194,6.3
25684,7.9
5744,6.9
28422,6.4
19996,5.4
15239,6.8
10230,5.8
14507,7.2
737,6.5
24323,7.2
14704,6.5
26494,5.0
14329,6.0
643,7.4
17787,6.8
6710,6.6
2710,6.3
27120,6.6
6410,6.8
23049,6.1
5740,6.7
8123,5.8
5248,6.2
18205,6.1
17468,6.6
14532,7.4
16754,7.6
26196,7.0
10324,6.6
24841,6.7
25697,7.8
23981,6.3
2625,8.0
29163,6.2
10756,6.9
66,6.7
17704,6.9
24440,7.2
6686,5.9
16121,6.3
14321,6.0
10242,7.3
4740,5.8
26038,7.3
8162,7.3
26343,6.7
7372,7.2
25717,6.9
23757,6.3
24746,6.8
14107,6.5
20921,7.2
23942,6.9
9974,6.6
5454,5.9
81,7.0
21674,6.4
704,6.7
22885,7.2
23638,5.7
7133,4.9
19596,5.6
27158,6.1
6192,5.8
1296,8.2
28148,5.7
17737,7.5
23484,5.3
25900,6.4
28717,6.8
23397,6.3
8830,5.4
7160,7.5
24408,6.4
21133,6.2
14315,8.5
19195,5.4
15188,7.0
4176,5.2
4440,6.5
18296,5.9
4486,7.5
11154,6.5
3860,5.7
13513,6.2
9887,6.6
8338,7.7
18215,7.4
3783,6.6
3324,6.3
11639,7.4
27617,6.8
25882,6.1
22629,5.9
28386,5.8
2808,7.1
12491,7.3
9696,7.8
21326,7.6
102,7.0
23055,6.2
4986,6.5
27386,6.8
7252,6.7
27844,5.8
194,7.7
5373,5.9
13995,6.4
1596,5.6
16039,6.7
1416,7.6
19564,6.2
9170,6.3
12237,7.3
19077,6.6
10776,6.4
12123,7.7
17238,6.1
172,6.1
12967,6.6
5381,5.7
14446,5.9
3715,7.7
1502,7.0
28070,5.8
3955,7.3
17699,6.0
10629,6.2
685,6.7
12304,6.3
23381,6.6
19647,6.6
755,6.6
18954,6.0
12330,7.2
29097,5.6
7157,8.1
28747,6.4
3154,7.4
9493,7.1
16367,6.2
5617,7.9
19700,6.1
27071,6.5
19961,5.9
21559,6.6
1463,7.0
12706,6.4
873,6.9
18029,6.6
2364,6.3
4941,5.4
14510,6.3
26439,6.5
17227,5.9
17690,7.2
15662,7.3
27609,6.0
14993,5.5
20598,6.0
10272,6.3
2388,6.0
5091,7.2
22956,7.3
5169,7.3
11341,7.9
22320,7.1
18996,6.8
3716,7.5
17659,8.6
10624,6.9
21291,7.0
21857,6.2
10368,5.2
24003,6.6
12984,6.9
24238,5.9
12531,6.1
29031,6.7
22339,6.8
7812,6.3
14441,5.6
18333,7.6
28245,6.1
24110,6.3
17768,6.7
23928,5.8
1456,6.8
20819,5.7
24395,6.4
5453,5.1
3886,5.3
16145,6.5
22025,6.8
1075,7.2
15191,5.4
5001,7.4
18931,7.5
23071,7.8
19609,7.8
1848,5.6
18664,6.9
20654,7.3
25764,6.2
5707,7.8
8496,7.2
9849,7.8
18666,6.8
26296,6.2
16907,7.3
16136,6.5
26905,7.4
27834,6.3
9229,7.0
25165,6.5
2923,6.6
23234,6.3
18842,6.2
17474,8.3
1312,6.1
11930,7.5
10373,6.4
14900,7.2
20601,6.7
4829,7.3
21141,7.6
7057,6.1
5598,6.8
12568,6.5
16297,6.2
12593,7.0
19926,6.2
18549,6.8
7335,6.6
15108,6.5
1247,6.4
25791,5.1
19066,6.4
16051,6.6
13896,6.5
19429,5.7
18365,8.1
26960,6.0
5542,8.0
23311,6.4
26456,6.1
13189,6.2
17733,4.5
14725,7.1
3440,6.8
15658,6.2
17770,7.1
11354,6.6
27541,6.2
23382,8.1
22549,6.9
13905,6.8
24029,6.2
2039,4.5
13315,6.4
24591,7.2
4804,7.2
12811,5.5
2761,6.5
6913,6.7
24546,6.4
468,5.0
13783,6.4
22594,6.8
9660,7.0
22758,6.9
18217,7.0
16554,7.5
14336,6.8
27579,6.3
25731,7.1
21472,7.0
26784,6.9
5855,6.0
19751,7.1
3838,6.6
13584,5.9
3671,5.9
6973,7.9
8606,5.8
26659,6.8
25266,7.5
23387,6.4
17530,6.3
16823,6.8
47,5.9
18640,6.8
6514,7.6
600,6.1
8556,6.6
17422,7.3
11772,6.4
18974,6.2
9885,6.1
16095,7.6
14036,5.7
24623,7.4
2128,6.7
5417,6.1
24288,6.2
4104,6.6
5398,6.3
21791,7.1
20622,7.9
15733,5.9
14684,5.1
25085,6.1
7758,6.4
16902,7.4
10870,6.7
19895,6.4
12987,6.7
8024,6.1
12060,7.5
8370,7.8
23706,6.2
24828,6.9
1763,6.5
13886,5.6
29011,6.2
6,5.2
14030,6.0
16585,7.0
16056,7.1
27477,5.6
9249,5.7
1634,7.2
25087,6.0
28288,5.7
23848,4.7
17446,6.4
22736,7.7
22015,6.6
9947,6.5
23400,7.6
26168,5.7
19650,7.2
17643,7.1
28022,6.4
4947,6.6
9655,6.7
28230,6.7
18981,6.6
22714,6.4
1165,5.1
1501,6.7
17242,5.9
11747,7.1
18227,7.5
27500,6.0
13070,7.6
11731,7.3
9034,6.6
6823,6.9
7092,5.8
14947,7.1
14137,6.5
2706,6.7
13505,6.3
15158,7.2
5711,6.0
7180,6.0
884,5.6
5407,6.8
4386,6.5
27359,5.9
10270,7.1
17565,6.4
18398,6.8
28664,7.5
17179,7.7
11390,5.4
5979,7.4
25807,6.3
15003,7.3
1279,7.0
22458,7.6
5189,6.6
5566,7.3
6142,5.7
26471,7.3
22989,5.5
13759,6.4
28174,7.3
15674,7.1
24659,6.2
24684,8.0
21170,6.2
11964,7.0
5083,7.2
7185,8.5
6013,5.8
11817,7.7
10886,6.9
22273,6.4
26302,6.4
20046,5.3
23399,7.0
27503,6.8
16503,6.4
7052,6.7
28509,7.0
24127,7.8
27908,6.6
17473,8.2
19958,6.9
14028,4.3
6711,7.7
8566,5.2
12402,5.5
17074,6.0
16856,7.0
17719,7.8
21514,6.2
25372,6.8
10223,6.2
5025,5.4
3445,7.7
1736,7.6
28973,6.7
17708,7.2
23357,6.5
1669,8.0
16583,6.8
21480,7.4
18343,7.3
16885,7.0
24773,6.5
21259,5.8
9371,7.5
23226,6.2
26623,7.4
13814,7.8
